Supplemental results for CODEML (seqf: OG0008930.codon.phy  treef: OG0008930_tagged.tree)


MLEs of dN/dS (w) for site classes (K=4)

site class             0        1       2a       2b
proportion       0.67273  0.27133  0.03987  0.01608
background w     0.19387  1.00000  0.19387  1.00000
foreground w     0.19387  1.00000 34.94937 34.94937

Naive Empirical Bayes (NEB) probabilities for 4 classes
(amino acids refer to 1st sequence: Aer1)

   1 -   0.88240 0.06165 0.05229 0.00365 ( 1)
   2 -   0.67273 0.27133 0.03987 0.01608 ( 1)
   3 -   0.67273 0.27133 0.03987 0.01608 ( 1)
   4 -   0.67273 0.27133 0.03987 0.01608 ( 1)
   5 -   0.67273 0.27133 0.03987 0.01608 ( 1)
   6 -   0.67273 0.27133 0.03987 0.01608 ( 1)
   7 -   0.67273 0.27133 0.03987 0.01608 ( 1)
   8 -   0.67273 0.27133 0.03987 0.01608 ( 1)
   9 -   0.67273 0.27133 0.03987 0.01608 ( 1)
  10 -   0.67273 0.27133 0.03987 0.01608 ( 1)
  11 -   0.67273 0.27133 0.03987 0.01608 ( 1)
  12 -   0.67273 0.27133 0.03987 0.01608 ( 1)
  13 -   0.67273 0.27133 0.03987 0.01608 ( 1)
  14 -   0.67273 0.27133 0.03987 0.01608 ( 1)
  15 -   0.67273 0.27133 0.03987 0.01608 ( 1)
  16 -   0.67273 0.27133 0.03987 0.01608 ( 1)
  17 -   0.67273 0.27133 0.03987 0.01608 ( 1)
  18 -   0.67273 0.27133 0.03987 0.01608 ( 1)
  19 -   0.67273 0.27133 0.03987 0.01608 ( 1)
  20 -   0.67273 0.27133 0.03987 0.01608 ( 1)
  21 -   0.67273 0.27133 0.03987 0.01608 ( 1)
  22 -   0.67273 0.27133 0.03987 0.01608 ( 1)
  23 -   0.67273 0.27133 0.03987 0.01608 ( 1)
  24 -   0.67273 0.27133 0.03987 0.01608 ( 1)
  25 -   0.67273 0.27133 0.03987 0.01608 ( 1)
  26 -   0.67273 0.27133 0.03987 0.01608 ( 1)
  27 -   0.67273 0.27133 0.03987 0.01608 ( 1)
  28 -   0.67273 0.27133 0.03987 0.01608 ( 1)
  29 -   0.67273 0.27133 0.03987 0.01608 ( 1)
  30 -   0.67273 0.27133 0.03987 0.01608 ( 1)
  31 -   0.67273 0.27133 0.03987 0.01608 ( 1)
  32 -   0.67273 0.27133 0.03987 0.01608 ( 1)
  33 -   0.67273 0.27133 0.03987 0.01608 ( 1)
  34 -   0.67273 0.27133 0.03987 0.01608 ( 1)
  35 -   0.67273 0.27133 0.03987 0.01608 ( 1)
  36 -   0.67273 0.27133 0.03987 0.01608 ( 1)
  37 -   0.67273 0.27133 0.03987 0.01608 ( 1)
  38 -   0.67273 0.27133 0.03987 0.01608 ( 1)
  39 -   0.67273 0.27133 0.03987 0.01608 ( 1)
  40 -   0.67273 0.27133 0.03987 0.01608 ( 1)
  41 -   0.67273 0.27133 0.03987 0.01608 ( 1)
  42 -   0.67273 0.27133 0.03987 0.01608 ( 1)
  43 -   0.67273 0.27133 0.03987 0.01608 ( 1)
  44 -   0.67273 0.27133 0.03987 0.01608 ( 1)
  45 -   0.67273 0.27133 0.03987 0.01608 ( 1)
  46 -   0.67273 0.27133 0.03987 0.01608 ( 1)
  47 -   0.67273 0.27133 0.03987 0.01608 ( 1)
  48 -   0.67273 0.27133 0.03987 0.01608 ( 1)
  49 -   0.67273 0.27133 0.03987 0.01608 ( 1)
  50 -   0.67273 0.27133 0.03987 0.01608 ( 1)
  51 -   0.67273 0.27133 0.03987 0.01608 ( 1)
  52 -   0.67273 0.27133 0.03987 0.01608 ( 1)
  53 -   0.67273 0.27133 0.03987 0.01608 ( 1)
  54 -   0.67273 0.27133 0.03987 0.01608 ( 1)
  55 -   0.67273 0.27133 0.03987 0.01608 ( 1)
  56 -   0.67273 0.27133 0.03987 0.01608 ( 1)
  57 -   0.67273 0.27133 0.03987 0.01608 ( 1)
  58 -   0.67273 0.27133 0.03987 0.01608 ( 1)
  59 -   0.67273 0.27133 0.03987 0.01608 ( 1)
  60 M   0.97601 0.02335 0.00062 0.00002 ( 1)
  61 N   0.05077 0.94767 0.00007 0.00149 ( 2)
  62 S   0.96599 0.02446 0.00930 0.00025 ( 1)
  63 T   0.97090 0.02735 0.00170 0.00005 ( 1)
  64 V   0.96289 0.03267 0.00429 0.00016 ( 1)
  65 I   0.95450 0.04429 0.00115 0.00006 ( 1)
  66 N   0.88172 0.11651 0.00154 0.00022 ( 1)
  67 I   0.99695 0.00190 0.00115 0.00000 ( 1)
  68 P   0.90209 0.09192 0.00541 0.00058 ( 1)
  69 S   0.52686 0.46959 0.00182 0.00174 ( 1)
  70 E   0.60379 0.39333 0.00169 0.00119 ( 1)
  71 V   0.48339 0.46066 0.02865 0.02730 ( 1)
  72 G   0.09400 0.90485 0.00010 0.00105 ( 2)
  73 K   0.12379 0.87296 0.00038 0.00287 ( 2)
  74 T   0.28859 0.71016 0.00033 0.00092 ( 2)
  75 S   0.00960 0.04694 0.79389 0.14957 ( 3)
  76 -   0.09362 0.85044 0.00555 0.05040 ( 2)
  77 -   0.36018 0.58387 0.02134 0.03460 ( 2)
  78 -   0.75739 0.18667 0.04488 0.01106 ( 1)
  79 -   0.77404 0.17002 0.04587 0.01007 ( 1)
  80 -   0.77714 0.16692 0.04605 0.00989 ( 1)
  81 P   0.02819 0.96904 0.00007 0.00270 ( 2)
  82 N   0.00077 0.99522 0.00000 0.00401 ( 2)
  83 Q   0.61839 0.37188 0.00598 0.00375 ( 1)
  84 M   0.14055 0.85588 0.00047 0.00309 ( 2)
  85 K   0.14911 0.84733 0.00050 0.00306 ( 2)
  86 K   0.87408 0.12368 0.00193 0.00030 ( 1)
  87 P   0.00249 0.99392 0.00001 0.00358 ( 2)
  88 Q   0.61769 0.37505 0.00443 0.00283 ( 1)
  89 F   0.98533 0.01103 0.00359 0.00004 ( 1)
  90 P   0.50197 0.49516 0.00139 0.00148 ( 1)
  91 L   0.25413 0.74322 0.00064 0.00202 ( 2)
  92 L   0.03917 0.95676 0.00015 0.00392 ( 2)
  93 S   0.41353 0.58494 0.00060 0.00093 ( 2)
  94 I   0.56319 0.43531 0.00081 0.00069 ( 1)
  95 V   0.98125 0.01703 0.00169 0.00003 ( 1)
  96 S   0.08488 0.91155 0.00028 0.00328 ( 2)
  97 S   0.80230 0.19432 0.00269 0.00070 ( 1)
  98 -   0.39388 0.55018 0.02334 0.03260 ( 2)
  99 -   0.39094 0.55312 0.02317 0.03278 ( 2)
 100 -   0.11178 0.83228 0.00662 0.04932 ( 2)
 101 -   0.74761 0.19645 0.04430 0.01164 ( 1)
 102 F   0.00885 0.98787 0.00003 0.00325 ( 2)
 103 V   0.03285 0.96580 0.00004 0.00131 ( 2)
 104 A   0.00323 0.87413 0.00214 0.12050 ( 2)
 105 R   0.03152 0.96710 0.00004 0.00135 ( 2)
 106 Q   0.67523 0.31754 0.00484 0.00240 ( 1)
 107 S   0.87466 0.12079 0.00397 0.00058 ( 1)
 108 K   0.95357 0.04307 0.00320 0.00016 ( 1)
 109 H   0.15240 0.84377 0.00055 0.00328 ( 2)
 110 D   0.99299 0.00390 0.00310 0.00001 ( 1)
 111 V   0.30103 0.69662 0.00067 0.00168 ( 2)
 112 R   0.94183 0.05499 0.00299 0.00019 ( 1)
 113 K   0.61688 0.07975 0.29535 0.00802 ( 1)
 114 V   0.88257 0.11134 0.00536 0.00073 ( 1)
 115 I   0.91943 0.07774 0.00259 0.00024 ( 1)
 116 H   0.97528 0.01728 0.00730 0.00014 ( 1)
 117 S   0.99457 0.00379 0.00164 0.00001 ( 1)
 118 I   0.96743 0.03120 0.00132 0.00005 ( 1)
 119 K   0.99334 0.00416 0.00249 0.00001 ( 1)
 120 V   0.99570 0.00230 0.00200 0.00001 ( 1)
 121 G   0.98671 0.00875 0.00450 0.00004 ( 1)
 122 I   0.98921 0.00942 0.00135 0.00001 ( 1)
 123 A   0.91560 0.07820 0.00569 0.00052 ( 1)
 124 L   0.84647 0.14599 0.00638 0.00116 ( 1)
 125 V   0.99549 0.00251 0.00199 0.00001 ( 1)
 126 L   0.88238 0.11009 0.00665 0.00088 ( 1)
 127 V   0.99570 0.00230 0.00200 0.00001 ( 1)
 128 S   0.87808 0.11289 0.00796 0.00108 ( 1)
 129 L   0.97025 0.02693 0.00273 0.00008 ( 1)
 130 L   0.96972 0.02191 0.00817 0.00019 ( 1)
 131 Y   0.98871 0.00729 0.00397 0.00003 ( 1)
 132 L   0.97550 0.01614 0.00822 0.00014 ( 1)
 133 L   0.98295 0.01424 0.00277 0.00004 ( 1)
 134 D   0.94769 0.05107 0.00116 0.00007 ( 1)
 135 P   0.97988 0.01365 0.00638 0.00009 ( 1)
 136 L   0.84375 0.14871 0.00636 0.00118 ( 1)
 137 Y   0.97174 0.01767 0.01040 0.00020 ( 1)
 138 E   0.00451 0.93031 0.00485 0.06034 ( 2)
 139 Q   0.64987 0.34289 0.00466 0.00259 ( 1)
 140 V   0.98517 0.01311 0.00170 0.00003 ( 1)
 141 G   0.98175 0.01264 0.00553 0.00008 ( 1)
 142 D   0.03407 0.84654 0.02036 0.09903 ( 2)
 143 -   0.67273 0.27133 0.03987 0.01608 ( 1)
 144 -   0.67273 0.27133 0.03987 0.01608 ( 1)
 145 N   0.99743 0.00145 0.00112 0.00000 ( 1)
 146 A   0.98245 0.01254 0.00494 0.00007 ( 1)
 147 M   0.98136 0.01800 0.00063 0.00001 ( 1)
 148 W   0.95134 0.03738 0.01084 0.00044 ( 1)
 149 A   0.99621 0.00218 0.00161 0.00000 ( 1)
 150 I   0.99262 0.00622 0.00115 0.00001 ( 1)
 151 M   0.99886 0.00050 0.00064 0.00000 ( 1)
 152 T   0.99468 0.00357 0.00174 0.00001 ( 1)
 153 V   0.99512 0.00316 0.00171 0.00001 ( 1)
 154 V   0.99117 0.00711 0.00171 0.00001 ( 1)
 155 V   0.98752 0.00804 0.00440 0.00004 ( 1)
 156 I   0.97434 0.02450 0.00113 0.00003 ( 1)
 157 F   0.99532 0.00324 0.00143 0.00001 ( 1)
 158 E   0.99140 0.00557 0.00301 0.00002 ( 1)
 159 F   0.98720 0.00865 0.00412 0.00004 ( 1)
 160 S   0.25304 0.74062 0.00155 0.00479 ( 2)
 161 A   0.97224 0.02500 0.00269 0.00007 ( 1)
 162 G   0.99483 0.00314 0.00203 0.00001 ( 1)
 163 A   0.99556 0.00282 0.00161 0.00001 ( 1)
 164 T   0.99162 0.00542 0.00294 0.00002 ( 1)
 165 L   0.99229 0.00522 0.00248 0.00001 ( 1)
 166 G   0.41352 0.58220 0.00171 0.00257 ( 2)
 167 K   0.99007 0.00658 0.00333 0.00002 ( 1)
 168 G   0.99060 0.00737 0.00202 0.00002 ( 1)
 169 L   0.89820 0.09484 0.00626 0.00070 ( 1)
 170 N   0.92716 0.07171 0.00104 0.00009 ( 1)
 171 R   0.95388 0.03369 0.01199 0.00044 ( 1)
 172 G   0.98973 0.00824 0.00201 0.00002 ( 1)
 173 I   0.42637 0.57240 0.00049 0.00074 ( 2)
 174 G   0.98642 0.00947 0.00407 0.00004 ( 1)
 175 T   0.99172 0.00532 0.00294 0.00002 ( 1)
 176 V   0.19324 0.79739 0.00176 0.00761 ( 2)
 177 L   0.90801 0.08292 0.00828 0.00079 ( 1)
 178 G   0.99272 0.00524 0.00202 0.00001 ( 1)
 179 G   0.99403 0.00394 0.00202 0.00001 ( 1)
 180 G   0.56876 0.42728 0.00272 0.00124 ( 1)
 181 L   0.89282 0.10022 0.00622 0.00074 ( 1)
 182 G   0.98553 0.01036 0.00407 0.00005 ( 1)
 183 C   0.79268 0.20357 0.00295 0.00081 ( 1)
 184 L   0.47642 0.51646 0.00332 0.00380 ( 2)
 185 A   0.52009 0.47532 0.00232 0.00228 ( 1)
 186 A   0.96793 0.02930 0.00267 0.00009 ( 1)
 187 I   0.95680 0.04204 0.00111 0.00005 ( 1)
 188 L   0.68361 0.31008 0.00426 0.00205 ( 1)
 189 A   0.98443 0.01338 0.00217 0.00003 ( 1)
 190 D   0.91073 0.08822 0.00095 0.00010 ( 1)
 191 E   0.28231 0.71554 0.00057 0.00158 ( 2)
 192 I   0.29135 0.70568 0.00081 0.00215 ( 2)
 193 G   0.90353 0.09526 0.00109 0.00012 ( 1)
 194 G   0.05740 0.92869 0.00078 0.01313 ( 2)
 195 I   0.83508 0.16285 0.00172 0.00035 ( 1)
 196 -   0.72911 0.21495 0.04321 0.01274 ( 1)
 197 -   0.74731 0.19674 0.04429 0.01166 ( 1)
 198 G   0.90708 0.08831 0.00418 0.00043 ( 1)
 199 N   0.99647 0.00241 0.00112 0.00000 ( 1)
 200 A   0.01848 0.97552 0.00011 0.00590 ( 2)
 201 V   0.29057 0.62422 0.06041 0.02479 ( 2)
 202 V   0.00796 0.99064 0.00001 0.00139 ( 2)
 203 V   0.94483 0.05072 0.00421 0.00024 ( 1)
 204 S   0.73319 0.25995 0.00500 0.00187 ( 1)
 205 I   0.06730 0.93079 0.00012 0.00179 ( 2)
 206 S   0.01917 0.97725 0.00006 0.00352 ( 2)
 207 V   0.98928 0.00521 0.00548 0.00003 ( 1)
 208 F   0.99675 0.00181 0.00143 0.00000 ( 1)
 209 V   0.88088 0.11660 0.00220 0.00032 ( 1)
 210 L   0.24326 0.75519 0.00035 0.00120 ( 2)
 211 G   0.79075 0.20241 0.00539 0.00145 ( 1)
 212 A   0.87659 0.12063 0.00242 0.00036 ( 1)
 213 A   0.61674 0.38042 0.00170 0.00114 ( 1)
 214 A   0.96846 0.02840 0.00304 0.00010 ( 1)
 215 T   0.99087 0.00616 0.00294 0.00002 ( 1)
 216 Y   0.97414 0.01801 0.00770 0.00015 ( 1)
 217 C   0.00612 0.98992 0.00002 0.00394 ( 2)
 218 R   0.94346 0.04121 0.01467 0.00066 ( 1)
 219 L   0.90851 0.08453 0.00633 0.00062 ( 1)
 220 I   0.61498 0.38323 0.00106 0.00073 ( 1)
 221 P   0.97906 0.01498 0.00587 0.00009 ( 1)
 222 S   0.98654 0.00895 0.00448 0.00004 ( 1)
 223 I   0.99640 0.00245 0.00115 0.00000 ( 1)
 224 K   0.99100 0.00565 0.00333 0.00002 ( 1)
 225 R   0.93668 0.05920 0.00386 0.00026 ( 1)
 226 R   0.95747 0.03936 0.00304 0.00013 ( 1)
 227 Y   0.94787 0.04851 0.00343 0.00019 ( 1)
 228 D   0.96873 0.02815 0.00302 0.00009 ( 1)
 229 Y   0.98820 0.00819 0.00358 0.00003 ( 1)
 230 G   0.98710 0.00879 0.00407 0.00004 ( 1)
 231 V   0.07636 0.91437 0.00121 0.00806 ( 2)
 232 M   0.98119 0.01817 0.00063 0.00001 ( 1)
 233 I   0.99653 0.00231 0.00115 0.00000 ( 1)
 234 F   0.98712 0.00873 0.00412 0.00004 ( 1)
 235 V   0.83083 0.16404 0.00420 0.00093 ( 1)
 236 L   0.98912 0.00838 0.00247 0.00002 ( 1)
 237 T   0.97921 0.01471 0.00598 0.00010 ( 1)
 238 F   0.98694 0.00891 0.00412 0.00004 ( 1)
 239 N   0.99504 0.00152 0.00343 0.00001 ( 1)
 240 L   0.95092 0.03649 0.01211 0.00048 ( 1)
 241 V   0.99525 0.00304 0.00171 0.00001 ( 1)
 242 V   0.34643 0.64892 0.00154 0.00310 ( 2)
 243 V   0.96408 0.03148 0.00430 0.00015 ( 1)
 244 S   0.98766 0.00901 0.00331 0.00003 ( 1)
 245 G   0.99483 0.00314 0.00203 0.00001 ( 1)
 246 L   0.42752 0.56535 0.00298 0.00415 ( 2)
 247 R   0.83772 0.14875 0.01143 0.00210 ( 1)
 248 A   0.86184 0.13653 0.00139 0.00024 ( 1)
 249 D   0.93494 0.06401 0.00097 0.00007 ( 1)
 250 K   0.25653 0.59617 0.13287 0.01443 ( 2)
 251 I   0.62313 0.37561 0.00075 0.00051 ( 1)
 252 I   0.20371 0.79130 0.00096 0.00403 ( 2)
 253 N   0.04798 0.94982 0.00010 0.00210 ( 2)
 254 I   0.57405 0.41674 0.00523 0.00398 ( 1)
 255 A   0.98509 0.00925 0.00561 0.00006 ( 1)
 256 R   0.54047 0.44691 0.00679 0.00583 ( 1)
 257 E   0.00900 0.97699 0.00164 0.01238 ( 2)
 258 R   0.98074 0.01431 0.00487 0.00008 ( 1)
 259 L   0.97582 0.01641 0.00764 0.00013 ( 1)
 260 A   0.88504 0.10655 0.00747 0.00094 ( 1)
 261 T   0.93187 0.06204 0.00570 0.00040 ( 1)
 262 I   0.99069 0.00562 0.00367 0.00002 ( 1)
 263 G   0.68155 0.31157 0.00464 0.00224 ( 1)
 264 M   0.99655 0.00281 0.00064 0.00000 ( 1)
 265 G   0.98325 0.01115 0.00554 0.00007 ( 1)
 266 F   0.99160 0.00348 0.00490 0.00002 ( 1)
 267 A   0.77190 0.22530 0.00213 0.00067 ( 1)
 268 I   0.10936 0.74160 0.04392 0.10512 ( 2)
 269 C   0.95922 0.03009 0.01035 0.00034 ( 1)
 270 I   0.27235 0.49296 0.21942 0.01527 ( 2)
 271 F   0.98694 0.00891 0.00412 0.00004 ( 1)
 272 I   0.24819 0.74867 0.00074 0.00240 ( 2)
 273 S   0.10835 0.88687 0.00049 0.00428 ( 2)
 274 L   0.90801 0.08576 0.00566 0.00057 ( 1)
 275 L   0.00882 0.83797 0.00740 0.14581 ( 2)
 276 V   0.80722 0.18904 0.00299 0.00075 ( 1)
 277 F   0.22446 0.66167 0.06996 0.04391 ( 2)
 278 P   0.95954 0.03125 0.00890 0.00030 ( 1)
 279 M   0.01161 0.98471 0.00004 0.00364 ( 2)
 280 W   0.95134 0.03738 0.01084 0.00044 ( 1)
 281 S   0.91501 0.07930 0.00521 0.00048 ( 1)
 282 S   0.99664 0.00193 0.00143 0.00000 ( 1)
 283 D   0.99786 0.00110 0.00104 0.00000 ( 1)
 284 E   0.99501 0.00299 0.00200 0.00001 ( 1)
 285 L   0.99316 0.00435 0.00248 0.00001 ( 1)
 286 H   0.99296 0.00449 0.00254 0.00001 ( 1)
 287 Y   0.00015 0.09940 0.03491 0.86554 ( 4)
 288 S   0.98717 0.00949 0.00330 0.00003 ( 1)
 289 T   0.00161 0.99560 0.00002 0.00278 ( 2)
 290 A   0.74639 0.24397 0.00719 0.00246 ( 1)
 291 S   0.33183 0.66467 0.00111 0.00239 ( 2)
 292 K   0.85414 0.14362 0.00189 0.00035 ( 1)
 293 F   0.98581 0.00323 0.01092 0.00004 ( 1)
 294 E   0.11247 0.57386 0.15890 0.15477 ( 2)
 295 K   0.00931 0.98710 0.00003 0.00357 ( 2)
 296 L   0.97490 0.02260 0.00244 0.00006 ( 1)
 297 A   0.95319 0.04269 0.00393 0.00019 ( 1)
 298 C   0.00620 0.98983 0.00002 0.00395 ( 2)
 299 C   0.61018 0.37999 0.00596 0.00387 ( 1)
 300 I   0.75229 0.03567 0.20981 0.00222 ( 1)
 301 E   0.92041 0.07757 0.00185 0.00017 ( 1)
 302 G   0.95957 0.03839 0.00195 0.00009 ( 1)
 303 C   0.56502 0.42513 0.00551 0.00433 ( 1)
 304 L   0.97399 0.01908 0.00679 0.00014 ( 1)
 305 E   0.96463 0.03234 0.00293 0.00011 ( 1)
 306 E   0.88444 0.11250 0.00268 0.00037 ( 1)
 307 Y   0.95902 0.03102 0.00963 0.00033 ( 1)
 308 F   0.98801 0.00783 0.00412 0.00003 ( 1)
 309 R   0.51801 0.47871 0.00165 0.00164 ( 1)
 310 P   0.00846 0.98208 0.00008 0.00938 ( 2)
 311 G   0.01479 0.78213 0.01760 0.18548 ( 2)
 312 D   0.07888 0.91986 0.00009 0.00116 ( 2)
 313 E   0.99218 0.00479 0.00301 0.00002 ( 1)
 314 -   0.42592 0.51813 0.02524 0.03070 ( 2)
 315 -   0.78675 0.15731 0.04662 0.00932 ( 1)
 316 K   0.99174 0.00605 0.00219 0.00001 ( 1)
 317 E   0.98481 0.01318 0.00198 0.00003 ( 1)
 318 N   0.40409 0.59233 0.00139 0.00219 ( 2)
 319 R   0.53273 0.45750 0.00515 0.00462 ( 1)
 320 -   0.00382 0.98975 0.00002 0.00640 ( 2)
 321 -   0.00275 0.99484 0.00001 0.00240 ( 2)
 322 D   0.00183 0.99100 0.00001 0.00716 ( 2)
 323 -   0.67273 0.27133 0.03987 0.01608 ( 1)
 324 D   0.42597 0.57283 0.00048 0.00072 ( 2)
 325 F   0.01655 0.00867 0.95593 0.01884 ( 3)
 326 S   0.09299 0.90525 0.00015 0.00161 ( 2)
 327 G   0.05277 0.94607 0.00006 0.00111 ( 2)
 328 C   0.96014 0.03018 0.00937 0.00031 ( 1)
 329 K   0.85201 0.14479 0.00271 0.00050 ( 1)
 330 S   0.62708 0.37003 0.00176 0.00113 ( 1)
 331 V   0.47421 0.11764 0.38814 0.02001 ( 1)
 332 L   0.90557 0.08821 0.00565 0.00058 ( 1)
 333 Y   0.00234 0.99427 0.00001 0.00338 ( 2)
 334 S   0.96577 0.02585 0.00815 0.00023 ( 1)
 335 K   0.80381 0.19279 0.00270 0.00070 ( 1)
 336 S   0.16656 0.82565 0.00126 0.00654 ( 2)
 337 T   0.00048 0.62916 0.00763 0.36273 ( 2)
 338 E   0.99198 0.00698 0.00103 0.00001 ( 1)
 339 E   0.41129 0.28334 0.26706 0.03831 ( 1)
 340 S   0.66538 0.33120 0.00223 0.00119 ( 1)
 341 L   0.94412 0.04328 0.01203 0.00057 ( 1)
 342 A   0.99253 0.00472 0.00274 0.00001 ( 1)
 343 N   0.96048 0.03840 0.00108 0.00005 ( 1)
 344 F   0.99651 0.00205 0.00143 0.00000 ( 1)
 345 A   0.95936 0.03788 0.00265 0.00011 ( 1)
 346 R   0.95357 0.04325 0.00303 0.00015 ( 1)
 347 W   0.48337 0.50514 0.00551 0.00598 ( 2)
 348 E   0.99501 0.00299 0.00200 0.00001 ( 1)
 349 P   0.97833 0.01570 0.00587 0.00010 ( 1)
 350 W   0.95134 0.03738 0.01084 0.00044 ( 1)
 351 H   0.99262 0.00482 0.00254 0.00001 ( 1)
 352 G   0.98716 0.00873 0.00407 0.00004 ( 1)
 353 K   0.97522 0.02257 0.00216 0.00005 ( 1)
 354 F   0.99627 0.00230 0.00143 0.00000 ( 1)
 355 G   0.98382 0.01058 0.00554 0.00006 ( 1)
 356 I   0.09908 0.89960 0.00012 0.00121 ( 2)
 357 S   0.32929 0.66687 0.00121 0.00263 ( 2)
 358 Y   0.51377 0.13403 0.33406 0.01814 ( 1)
 359 P   0.96168 0.02785 0.01017 0.00031 ( 1)
 360 W   0.95134 0.03738 0.01084 0.00044 ( 1)
 361 G   0.23566 0.75967 0.00098 0.00369 ( 2)
 362 K   0.99231 0.00434 0.00333 0.00002 ( 1)
 363 Y   0.95902 0.03102 0.00963 0.00033 ( 1)
 364 L   0.86119 0.12972 0.00785 0.00124 ( 1)
 365 Q   0.65263 0.34012 0.00468 0.00257 ( 1)
 366 I   0.75706 0.24176 0.00088 0.00031 ( 1)
 367 G   0.98687 0.00902 0.00407 0.00004 ( 1)
 368 D   0.64484 0.35408 0.00067 0.00041 ( 1)
 369 V   0.16019 0.83793 0.00028 0.00160 ( 2)
 370 L   0.88886 0.10862 0.00222 0.00029 ( 1)
 371 R   0.95395 0.03258 0.01301 0.00046 ( 1)
 372 E   0.86751 0.12943 0.00263 0.00042 ( 1)
 373 L   0.79165 0.20582 0.00198 0.00056 ( 1)
 374 A   0.98112 0.01554 0.00328 0.00006 ( 1)
 375 T   0.00990 0.98832 0.00002 0.00176 ( 2)
 376 T   0.44501 0.55189 0.00132 0.00177 ( 2)
 377 I   0.90721 0.08907 0.00336 0.00035 ( 1)
 378 I   0.89892 0.09986 0.00109 0.00013 ( 1)
 379 S   0.96467 0.02578 0.00929 0.00026 ( 1)
 380 L   0.95681 0.03415 0.00872 0.00033 ( 1)
 381 K   0.89232 0.10545 0.00197 0.00025 ( 1)
 382 G   0.94321 0.05266 0.00389 0.00023 ( 1)
 383 C   0.98860 0.00770 0.00367 0.00003 ( 1)
 384 L   0.97426 0.02324 0.00244 0.00006 ( 1)
 385 Q   0.97175 0.02112 0.00696 0.00016 ( 1)
 386 S   0.95620 0.04045 0.00320 0.00015 ( 1)
 387 P   0.95481 0.04137 0.00365 0.00017 ( 1)
 388 R   0.84462 0.15218 0.00268 0.00052 ( 1)
 389 Q   0.96090 0.02951 0.00929 0.00030 ( 1)
 390 P   0.96283 0.02818 0.00872 0.00027 ( 1)
 391 S   0.87303 0.11855 0.00737 0.00105 ( 1)
 392 S   0.58044 0.41102 0.00490 0.00364 ( 1)
 393 A   0.03546 0.96263 0.00006 0.00185 ( 2)
 394 K   0.01148 0.98714 0.00001 0.00136 ( 2)
 395 R   0.76490 0.23094 0.00315 0.00102 ( 1)
 396 Q   0.86295 0.13012 0.00599 0.00095 ( 1)
 397 S   0.96637 0.02525 0.00816 0.00022 ( 1)
 398 I   0.94383 0.05411 0.00194 0.00012 ( 1)
 399 K   0.25937 0.73993 0.00017 0.00053 ( 2)
 400 E   0.99455 0.00345 0.00200 0.00001 ( 1)
 401 P   0.90354 0.09047 0.00542 0.00057 ( 1)
 402 C   0.95876 0.03753 0.00356 0.00015 ( 1)
 403 E   0.98198 0.01601 0.00198 0.00004 ( 1)
 404 T   0.41950 0.57741 0.00125 0.00185 ( 2)
 405 V   0.96847 0.02601 0.00537 0.00015 ( 1)
 406 G   0.97949 0.01373 0.00667 0.00010 ( 1)
 407 L   0.16625 0.82652 0.00116 0.00607 ( 2)
 408 F   0.01347 0.98265 0.00005 0.00382 ( 2)
 409 L   0.99089 0.00661 0.00248 0.00002 ( 1)
 410 A   0.53822 0.45892 0.00149 0.00137 ( 1)
 411 W   0.45637 0.53213 0.00520 0.00630 ( 2)
 412 T   0.18187 0.81625 0.00032 0.00157 ( 2)
 413 L   0.95235 0.03505 0.01213 0.00046 ( 1)
 414 G   0.95492 0.04096 0.00394 0.00018 ( 1)
 415 E   0.53334 0.46352 0.00162 0.00152 ( 1)
 416 L   0.96870 0.02880 0.00242 0.00008 ( 1)
 417 G   0.94980 0.04608 0.00392 0.00020 ( 1)
 418 E   0.85874 0.13821 0.00261 0.00045 ( 1)
 419 S   0.99252 0.00605 0.00142 0.00001 ( 1)
 420 I   0.98429 0.01455 0.00114 0.00002 ( 1)
 421 M   0.09336 0.90306 0.00031 0.00326 ( 2)
 422 K   0.97023 0.02756 0.00215 0.00007 ( 1)
 423 M   0.99886 0.00050 0.00064 0.00000 ( 1)
 424 E   0.78434 0.21258 0.00238 0.00070 ( 1)
 425 K   0.46061 0.53513 0.00190 0.00235 ( 2)
 426 C   0.96014 0.03018 0.00937 0.00031 ( 1)
 427 P   0.31161 0.68159 0.00205 0.00474 ( 2)
 428 P   0.27228 0.72372 0.00104 0.00296 ( 2)
 429 K   0.51660 0.48110 0.00114 0.00116 ( 1)
 430 A   0.01165 0.98502 0.00004 0.00329 ( 2)
 431 L   0.61062 0.38232 0.00426 0.00281 ( 1)
 432 I   0.73756 0.25960 0.00205 0.00079 ( 1)
 433 S   0.70773 0.28944 0.00196 0.00087 ( 1)
 434 S   0.55258 0.43887 0.00466 0.00389 ( 1)
 435 K   0.97739 0.02040 0.00216 0.00005 ( 1)
 436 L   0.62592 0.36702 0.00436 0.00270 ( 1)
 437 Q   0.23687 0.75324 0.00229 0.00761 ( 2)
 438 S   0.89723 0.09941 0.00300 0.00036 ( 1)
 439 M   0.73609 0.26325 0.00047 0.00019 ( 1)
 440 K   0.17714 0.82049 0.00039 0.00198 ( 2)
 441 M   0.00000 0.06433 0.00003 0.93564 ( 4)
 442 E   0.51449 0.48069 0.00241 0.00240 ( 1)
 443 L   0.95085 0.04665 0.00238 0.00013 ( 1)
 444 S   0.94544 0.05003 0.00429 0.00024 ( 1)
 445 L   0.45006 0.54068 0.00410 0.00516 ( 2)
 446 V   0.13741 0.86131 0.00016 0.00113 ( 2)
 447 N   0.01722 0.98100 0.00003 0.00175 ( 2)
 448 S   0.96250 0.03416 0.00322 0.00012 ( 1)
 449 P   0.11510 0.88086 0.00044 0.00360 ( 2)
 450 -   0.67273 0.27133 0.03987 0.01608 ( 1)
 451 S   0.85527 0.13514 0.00824 0.00136 ( 1)
 452 K   0.97256 0.02301 0.00431 0.00011 ( 1)
 453 L   0.91252 0.07842 0.00832 0.00075 ( 1)
 454 G   0.98406 0.00916 0.00670 0.00007 ( 1)
 455 A   0.81321 0.18399 0.00225 0.00055 ( 1)
 456 S   0.00080 0.99444 0.00000 0.00477 ( 2)
 457 E   0.86015 0.13670 0.00269 0.00046 ( 1)
 458 N   0.98340 0.01548 0.00110 0.00002 ( 1)
 459 G   0.06057 0.93722 0.00012 0.00208 ( 2)
 460 E   0.98096 0.01703 0.00197 0.00004 ( 1)
 461 G   0.95324 0.04264 0.00393 0.00019 ( 1)
 462 L   0.99179 0.00572 0.00248 0.00002 ( 1)
 463 A   0.99546 0.00293 0.00161 0.00001 ( 1)
 464 M   0.96384 0.03552 0.00061 0.00003 ( 1)
 465 A   0.99022 0.00702 0.00274 0.00002 ( 1)
 466 S   0.98595 0.00954 0.00447 0.00005 ( 1)
 467 S   0.98814 0.00995 0.00189 0.00002 ( 1)
 468 V   0.98607 0.00862 0.00526 0.00005 ( 1)
 469 F   0.98298 0.00946 0.00748 0.00008 ( 1)
 470 L   0.86065 0.12813 0.00971 0.00151 ( 1)
 471 L   0.96593 0.02290 0.01090 0.00027 ( 1)
 472 M   0.73751 0.26058 0.00137 0.00055 ( 1)
 473 E   0.81209 0.18344 0.00359 0.00088 ( 1)
 474 I   0.60781 0.38919 0.00169 0.00131 ( 1)
 475 V   0.56199 0.36976 0.05888 0.00937 ( 1)
 476 E   0.06745 0.20851 0.63249 0.09155 ( 3)
 477 K   0.07146 0.43466 0.38089 0.11298 ( 2)
 478 V   0.05941 0.33858 0.47030 0.13171 ( 3)
 479 E   0.90931 0.01423 0.07618 0.00028 ( 1)
 480 V   0.49102 0.43018 0.06530 0.01349 ( 1)
 481 L   0.09381 0.04901 0.83605 0.02113 ( 3)
 482 A   0.52328 0.38537 0.07796 0.01338 ( 1)
 483 K   0.97295 0.02377 0.00320 0.00009 ( 1)
 484 E   0.85710 0.13948 0.00291 0.00051 ( 1)
 485 V   0.18159 0.12436 0.66832 0.02574 ( 3)
 486 E   0.58475 0.40530 0.00756 0.00239 ( 1)
 487 E   0.00746 0.00409 0.96828 0.02016 ( 3)
 488 L   0.00006 0.00057 0.96251 0.03686 ( 3)
 489 G   0.12806 0.19928 0.64078 0.03188 ( 3)
 490 E   0.01389 0.10469 0.71469 0.16672 ( 3)
 491 -   0.67273 0.27133 0.03987 0.01608 ( 1)
 492 -   0.67273 0.27133 0.03987 0.01608 ( 1)
 493 -   0.67273 0.27133 0.03987 0.01608 ( 1)
 494 -   0.67273 0.27133 0.03987 0.01608 ( 1)
 495 -   0.67273 0.27133 0.03987 0.01608 ( 1)
 496 -   0.67273 0.27133 0.03987 0.01608 ( 1)
 497 -   0.67273 0.27133 0.03987 0.01608 ( 1)
 498 -   0.67273 0.27133 0.03987 0.01608 ( 1)
 499 -   0.67273 0.27133 0.03987 0.01608 ( 1)
 500 L   0.10209 0.88124 0.00678 0.00989 ( 2)
 501 A   0.85150 0.09646 0.05106 0.00098 ( 1)
 502 G   0.06058 0.92930 0.00137 0.00875 ( 2)
 503 F   0.99652 0.00182 0.00166 0.00000 ( 1)
 504 -   0.00229 0.97494 0.00017 0.02261 ( 2)
 505 -   0.35259 0.62697 0.01426 0.00618 ( 2)
 506 -   0.95960 0.03741 0.00287 0.00012 ( 1)
 507 -   0.34717 0.56199 0.06588 0.02497 ( 2)
 508 -   0.00401 0.06537 0.65511 0.27550 ( 3)
 509 -   0.01698 0.15881 0.58244 0.24177 ( 3)
 510 -   0.21824 0.41624 0.26035 0.10517 ( 2)
 511 -   0.72237 0.26149 0.01167 0.00448 ( 1)
 512 -   0.70791 0.25721 0.02502 0.00987 ( 1)
 513 -   0.01502 0.14268 0.59487 0.24743 ( 3)
 514 -   0.02561 0.23056 0.53009 0.21374 ( 3)
 515 -   0.21267 0.40393 0.27321 0.11019 ( 2)
 516 -   0.69392 0.24728 0.04177 0.01703 ( 1)
 517 -   0.76354 0.23316 0.00241 0.00088 ( 1)
 518 -   0.01727 0.16266 0.58102 0.23904 ( 3)
 519 -   0.32237 0.54606 0.09504 0.03653 ( 2)
 520 -   0.71660 0.26415 0.01390 0.00536 ( 1)
 521 -   0.70749 0.26734 0.01812 0.00705 ( 1)
 522 -   0.19565 0.38068 0.30085 0.12281 ( 2)
 523 -   0.70084 0.26910 0.02161 0.00846 ( 1)
 524 -   0.72209 0.26205 0.01148 0.00439 ( 1)
 525 -   0.72159 0.26039 0.01299 0.00504 ( 1)
 526 -   0.71051 0.26574 0.01710 0.00666 ( 1)
 527 -   0.70451 0.26835 0.01953 0.00761 ( 1)
 528 -   0.70064 0.26921 0.02167 0.00848 ( 1)
 529 -   0.72535 0.25901 0.01129 0.00435 ( 1)
 530 -   0.70668 0.26773 0.01842 0.00716 ( 1)
 531 -   0.72486 0.26021 0.01079 0.00413 ( 1)
 532 -   0.70654 0.26758 0.01863 0.00725 ( 1)
 533 -   0.71302 0.26569 0.01536 0.00593 ( 1)
 534 -   0.71051 0.26574 0.01710 0.00666 ( 1)
 535 -   0.70259 0.26854 0.02075 0.00812 ( 1)
 536 -   0.70987 0.26690 0.01674 0.00648 ( 1)
 537 -   0.72535 0.25901 0.01129 0.00435 ( 1)
 538 -   0.70488 0.26813 0.01942 0.00757 ( 1)
 539 -   0.70064 0.26921 0.02167 0.00848 ( 1)
 540 -   0.71302 0.26569 0.01536 0.00593 ( 1)
 541 -   0.70084 0.26910 0.02161 0.00846 ( 1)
 542 -   0.71097 0.26653 0.01623 0.00628 ( 1)
 543 -   0.71051 0.26574 0.01710 0.00666 ( 1)
 544 -   0.71090 0.26641 0.01636 0.00633 ( 1)
 545 -   0.70010 0.26917 0.02208 0.00866 ( 1)
 546 -   0.71333 0.26551 0.01526 0.00589 ( 1)
 547 -   0.70520 0.26799 0.01929 0.00752 ( 1)
 548 -   0.72581 0.25945 0.01065 0.00408 ( 1)
 549 -   0.71181 0.26625 0.01583 0.00612 ( 1)
 550 -   0.71090 0.26641 0.01636 0.00633 ( 1)
 551 -   0.70987 0.26690 0.01674 0.00648 ( 1)
 552 -   0.72472 0.25959 0.01133 0.00436 ( 1)
 553 -   0.72209 0.26205 0.01148 0.00439 ( 1)
 554 -   0.70157 0.26880 0.02129 0.00834 ( 1)
 555 -   0.70744 0.26722 0.01824 0.00710 ( 1)
 556 -   0.71256 0.26572 0.01566 0.00606 ( 1)
 557 -   0.72159 0.26039 0.01299 0.00504 ( 1)
 558 -   0.70157 0.26880 0.02129 0.00834 ( 1)
 559 -   0.70259 0.26854 0.02075 0.00812 ( 1)
 560 -   0.71904 0.26289 0.01304 0.00502 ( 1)
 561 -   0.70157 0.26880 0.02129 0.00834 ( 1)
 562 -   0.71452 0.26494 0.01481 0.00572 ( 1)
 563 -   0.72144 0.26165 0.01222 0.00470 ( 1)
 564 -   0.72159 0.26039 0.01299 0.00504 ( 1)
 565 -   0.70902 0.26692 0.01733 0.00673 ( 1)
 566 -   0.70161 0.26897 0.02115 0.00827 ( 1)
 567 -   0.72042 0.26238 0.01243 0.00477 ( 1)
 568 -   0.69480 0.26912 0.02582 0.01027 ( 1)
 569 -   0.19079 0.37467 0.30869 0.12585 ( 2)
 570 -   0.71876 0.26322 0.01301 0.00500 ( 1)
 571 -   0.71256 0.26572 0.01566 0.00606 ( 1)
 572 -   0.71074 0.26028 0.02073 0.00826 ( 1)
 573 -   0.71256 0.26572 0.01566 0.00606 ( 1)
 574 -   0.70488 0.26830 0.01930 0.00752 ( 1)
 575 -   0.71302 0.26569 0.01536 0.00593 ( 1)
 576 -   0.72159 0.26039 0.01299 0.00504 ( 1)
 577 -   0.71333 0.26560 0.01520 0.00587 ( 1)
 578 -   0.71181 0.26625 0.01583 0.00612 ( 1)
 579 -   0.70031 0.26914 0.02194 0.00860 ( 1)
 580 -   0.71181 0.26625 0.01583 0.00612 ( 1)
 581 -   0.72486 0.26021 0.01079 0.00413 ( 1)
 582 -   0.72144 0.26165 0.01222 0.00470 ( 1)
 583 -   0.72237 0.26149 0.01167 0.00448 ( 1)
 584 -   0.70983 0.26645 0.01708 0.00663 ( 1)
 585 -   0.71256 0.26572 0.01566 0.00606 ( 1)
 586 -   0.70520 0.26799 0.01929 0.00752 ( 1)
 587 -   0.71611 0.26470 0.01386 0.00533 ( 1)
 588 -   0.72144 0.26165 0.01222 0.00470 ( 1)
 589 -   0.72144 0.26165 0.01222 0.00470 ( 1)
 590 -   0.70064 0.26921 0.02167 0.00848 ( 1)
 591 -   0.71302 0.26569 0.01536 0.00593 ( 1)
 592 -   0.71570 0.26425 0.01446 0.00559 ( 1)
 593 -   0.71302 0.26569 0.01536 0.00593 ( 1)
 594 -   0.71660 0.26415 0.01390 0.00536 ( 1)
 595 -   0.70654 0.26758 0.01863 0.00725 ( 1)
 596 -   0.72209 0.26205 0.01148 0.00439 ( 1)
 597 -   0.70668 0.26773 0.01842 0.00716 ( 1)
 598 -   0.71415 0.26517 0.01491 0.00576 ( 1)
 599 -   0.70064 0.26921 0.02167 0.00848 ( 1)
 600 -   0.70987 0.26690 0.01674 0.00648 ( 1)
 601 -   0.70654 0.26758 0.01863 0.00725 ( 1)
 602 -   0.70064 0.26921 0.02167 0.00848 ( 1)
 603 -   0.71660 0.26415 0.01390 0.00536 ( 1)
 604 -   0.71115 0.26609 0.01640 0.00636 ( 1)
 605 -   0.70744 0.26722 0.01824 0.00710 ( 1)
 606 -   0.72144 0.26165 0.01222 0.00470 ( 1)
 607 -   0.00176 0.03588 0.67489 0.28747 ( 3)
 608 -   0.73380 0.25629 0.00723 0.00269 ( 1)
 609 -   0.00428 0.04901 0.66264 0.28407 ( 3)
 610 -   0.33314 0.55208 0.08303 0.03176 ( 2)
 611 -   0.75781 0.23871 0.00256 0.00092 ( 1)
 612 -   0.70983 0.26645 0.01708 0.00663 ( 1)
 613 -   0.72042 0.26238 0.01243 0.00477 ( 1)
 614 -   0.71212 0.26615 0.01568 0.00606 ( 1)
 615 -   0.70796 0.26651 0.01836 0.00717 ( 1)
 616 -   0.70987 0.26690 0.01674 0.00648 ( 1)
 617 -   0.69621 0.26994 0.02429 0.00956 ( 1)
 618 -   0.71250 0.26537 0.01595 0.00619 ( 1)
 619 -   0.71876 0.26322 0.01301 0.00500 ( 1)
 620 -   0.19578 0.38186 0.30007 0.12228 ( 2)
 621 -   0.69621 0.26994 0.02429 0.00956 ( 1)
 622 -   0.72144 0.26165 0.01222 0.00470 ( 1)
 623 -   0.72159 0.26039 0.01299 0.00504 ( 1)
 624 -   0.70349 0.26843 0.02020 0.00789 ( 1)
 625 -   0.72237 0.26149 0.01167 0.00448 ( 1)
 626 -   0.72581 0.25945 0.01065 0.00408 ( 1)
 627 -   0.71212 0.26615 0.01568 0.00606 ( 1)
 628 -   0.71477 0.26484 0.01471 0.00568 ( 1)
 629 -   0.13167 0.39440 0.33779 0.13614 ( 2)
 630 -   0.73762 0.25150 0.00788 0.00300 ( 1)
 631 -   0.00399 0.05267 0.65867 0.28468 ( 3)
 632 -   0.74352 0.24694 0.00691 0.00263 ( 1)
 633 -   0.67273 0.27133 0.03987 0.01608 ( 1)
 634 -   0.72200 0.26007 0.01293 0.00500 ( 1)
 635 -   0.00427 0.04737 0.65498 0.29338 ( 3)
 636 -   0.00210 0.02776 0.67186 0.29827 ( 3)
 637 -   0.30183 0.51965 0.12825 0.05027 ( 2)
 638 -   0.72581 0.25945 0.01065 0.00408 ( 1)
 639 -   0.71415 0.26517 0.01491 0.00576 ( 1)


lnL = -9406.967418

Bayes Empirical Bayes (BEB) probabilities for 4 classes (class)
(amino acids refer to 1st sequence: Aer1)

   1 -   0.81265 0.06656 0.11181 0.00898 ( 1)
   2 -   0.58770 0.29151 0.08136 0.03943 ( 1)
   3 -   0.58770 0.29151 0.08136 0.03943 ( 1)
   4 -   0.58770 0.29151 0.08136 0.03943 ( 1)
   5 -   0.58770 0.29151 0.08136 0.03943 ( 1)
   6 -   0.58770 0.29151 0.08136 0.03943 ( 1)
   7 -   0.58770 0.29151 0.08136 0.03943 ( 1)
   8 -   0.58770 0.29151 0.08136 0.03943 ( 1)
   9 -   0.58770 0.29151 0.08136 0.03943 ( 1)
  10 -   0.58770 0.29151 0.08136 0.03943 ( 1)
  11 -   0.58770 0.29151 0.08136 0.03943 ( 1)
  12 -   0.58770 0.29151 0.08136 0.03943 ( 1)
  13 -   0.58770 0.29151 0.08136 0.03943 ( 1)
  14 -   0.58770 0.29151 0.08136 0.03943 ( 1)
  15 -   0.58770 0.29151 0.08136 0.03943 ( 1)
  16 -   0.58770 0.29151 0.08136 0.03943 ( 1)
  17 -   0.58770 0.29151 0.08136 0.03943 ( 1)
  18 -   0.58770 0.29151 0.08136 0.03943 ( 1)
  19 -   0.58770 0.29151 0.08136 0.03943 ( 1)
  20 -   0.58770 0.29151 0.08136 0.03943 ( 1)
  21 -   0.58770 0.29151 0.08136 0.03943 ( 1)
  22 -   0.58770 0.29151 0.08136 0.03943 ( 1)
  23 -   0.58770 0.29151 0.08136 0.03943 ( 1)
  24 -   0.58770 0.29151 0.08136 0.03943 ( 1)
  25 -   0.58770 0.29151 0.08136 0.03943 ( 1)
  26 -   0.58770 0.29151 0.08136 0.03943 ( 1)
  27 -   0.58770 0.29151 0.08136 0.03943 ( 1)
  28 -   0.58770 0.29151 0.08136 0.03943 ( 1)
  29 -   0.58770 0.29151 0.08136 0.03943 ( 1)
  30 -   0.58770 0.29151 0.08136 0.03943 ( 1)
  31 -   0.58770 0.29151 0.08136 0.03943 ( 1)
  32 -   0.58770 0.29151 0.08136 0.03943 ( 1)
  33 -   0.58770 0.29151 0.08136 0.03943 ( 1)
  34 -   0.58770 0.29151 0.08136 0.03943 ( 1)
  35 -   0.58770 0.29151 0.08136 0.03943 ( 1)
  36 -   0.58770 0.29151 0.08136 0.03943 ( 1)
  37 -   0.58770 0.29151 0.08136 0.03943 ( 1)
  38 -   0.58770 0.29151 0.08136 0.03943 ( 1)
  39 -   0.58770 0.29151 0.08136 0.03943 ( 1)
  40 -   0.58770 0.29151 0.08136 0.03943 ( 1)
  41 -   0.58770 0.29151 0.08136 0.03943 ( 1)
  42 -   0.58770 0.29151 0.08136 0.03943 ( 1)
  43 -   0.58770 0.29151 0.08136 0.03943 ( 1)
  44 -   0.58770 0.29151 0.08136 0.03943 ( 1)
  45 -   0.58770 0.29151 0.08136 0.03943 ( 1)
  46 -   0.58770 0.29151 0.08136 0.03943 ( 1)
  47 -   0.58770 0.29151 0.08136 0.03943 ( 1)
  48 -   0.58770 0.29151 0.08136 0.03943 ( 1)
  49 -   0.58770 0.29151 0.08136 0.03943 ( 1)
  50 -   0.58770 0.29151 0.08136 0.03943 ( 1)
  51 -   0.58770 0.29151 0.08136 0.03943 ( 1)
  52 -   0.58770 0.29151 0.08136 0.03943 ( 1)
  53 -   0.58770 0.29151 0.08136 0.03943 ( 1)
  54 -   0.58770 0.29151 0.08136 0.03943 ( 1)
  55 -   0.58770 0.29151 0.08136 0.03943 ( 1)
  56 -   0.58770 0.29151 0.08136 0.03943 ( 1)
  57 -   0.58770 0.29151 0.08136 0.03943 ( 1)
  58 -   0.58770 0.29151 0.08136 0.03943 ( 1)
  59 -   0.58770 0.29151 0.08136 0.03943 ( 1)
  60 M   0.93533 0.03174 0.03174 0.00119 ( 1)
  61 N   0.04629 0.90629 0.00222 0.04520 ( 2)
  62 S   0.89801 0.02637 0.07341 0.00221 ( 1)
  63 T   0.92144 0.03323 0.04365 0.00169 ( 1)
  64 V   0.90190 0.03906 0.05648 0.00256 ( 1)
  65 I   0.90117 0.05993 0.03628 0.00262 ( 1)
  66 N   0.79762 0.15650 0.03793 0.00795 ( 1)
  67 I   0.96044 0.00199 0.03748 0.00009 ( 1)
  68 P   0.82195 0.11135 0.05852 0.00819 ( 1)
  69 S   0.39366 0.54765 0.02403 0.03466 ( 2)
  70 E   0.46404 0.48211 0.02579 0.02807 ( 2)
  71 V   0.38710 0.49211 0.05404 0.06675 ( 2)
  72 G   0.07745 0.88097 0.00318 0.03840 ( 2)
  73 K   0.09712 0.84544 0.00578 0.05167 ( 2)
  74 T   0.21136 0.74773 0.00855 0.03236 ( 2)
  75 S   0.00568 0.04720 0.73949 0.20764 ( 3)
  76 -   0.07188 0.80733 0.01025 0.11053 ( 2)
  77 -   0.28102 0.59819 0.03941 0.08138 ( 2)
  78 -   0.67566 0.20355 0.09331 0.02748 ( 1)
  79 -   0.69341 0.18580 0.09571 0.02508 ( 1)
  80 -   0.69675 0.18246 0.09616 0.02463 ( 1)
  81 P   0.02563 0.91839 0.00148 0.05449 ( 2)
  82 N   0.00116 0.93846 0.00007 0.06031 ( 2)
  83 Q   0.48936 0.43330 0.04077 0.03657 ( 1)
  84 M   0.10879 0.83188 0.00672 0.05262 ( 2)
  85 K   0.11451 0.82618 0.00707 0.05225 ( 2)
  86 K   0.78519 0.16528 0.04050 0.00904 ( 1)
  87 P   0.00314 0.93694 0.00020 0.05972 ( 2)
  88 Q   0.49043 0.43813 0.03736 0.03408 ( 1)
  89 F   0.93010 0.01294 0.05614 0.00082 ( 1)
  90 P   0.37533 0.57047 0.02093 0.03327 ( 2)
  91 L   0.18562 0.76029 0.01031 0.04378 ( 2)
  92 L   0.03618 0.90162 0.00237 0.05983 ( 2)
  93 S   0.30761 0.64702 0.01402 0.03135 ( 2)
  94 I   0.43138 0.52289 0.01997 0.02576 ( 2)
  95 V   0.93759 0.02047 0.04097 0.00097 ( 1)
  96 S   0.06921 0.87114 0.00430 0.05535 ( 2)
  97 S   0.69192 0.25106 0.04134 0.01568 ( 1)
  98 -   0.30918 0.57003 0.04331 0.07748 ( 2)
  99 -   0.30668 0.57253 0.04296 0.07783 ( 2)
 100 -   0.08517 0.79404 0.01214 0.10865 ( 2)
 101 -   0.66530 0.21391 0.09190 0.02889 ( 1)
 102 F   0.01014 0.93292 0.00060 0.05633 ( 2)
 103 V   0.03128 0.92595 0.00133 0.04144 ( 2)
 104 A   0.00291 0.61303 0.00766 0.37640 ( 2)
 105 R   0.03024 0.92691 0.00129 0.04156 ( 2)
 106 Q   0.54858 0.38020 0.04169 0.02953 ( 1)
 107 S   0.77801 0.15987 0.05121 0.01091 ( 1)
 108 K   0.89161 0.05236 0.05277 0.00326 ( 1)
 109 H   0.11668 0.82297 0.00735 0.05300 ( 2)
 110 D   0.94138 0.00410 0.05426 0.00025 ( 1)
 111 V   0.21718 0.73079 0.01154 0.04048 ( 2)
 112 R   0.87761 0.06700 0.05127 0.00412 ( 1)
 113 K   0.24413 0.04610 0.68602 0.02375 ( 3)
 114 V   0.80080 0.13441 0.05517 0.00962 ( 1)
 115 I   0.84306 0.10408 0.04677 0.00610 ( 1)
 116 H   0.91067 0.01857 0.06930 0.00146 ( 1)
 117 S   0.95088 0.00402 0.04489 0.00021 ( 1)
 118 I   0.92246 0.03810 0.03772 0.00171 ( 1)
 119 K   0.94512 0.00440 0.05023 0.00025 ( 1)
 120 V   0.95400 0.00241 0.04347 0.00012 ( 1)
 121 G   0.93024 0.00933 0.05981 0.00063 ( 1)
 122 I   0.94957 0.01113 0.03880 0.00050 ( 1)
 123 A   0.83890 0.09473 0.05942 0.00695 ( 1)
 124 L   0.75587 0.17311 0.05749 0.01353 ( 1)
 125 V   0.95378 0.00263 0.04346 0.00013 ( 1)
 126 L   0.79665 0.13248 0.06053 0.01034 ( 1)
 127 V   0.95400 0.00241 0.04347 0.00012 ( 1)
 128 S   0.79013 0.13568 0.06310 0.01109 ( 1)
 129 L   0.91495 0.03250 0.05064 0.00191 ( 1)
 130 L   0.90382 0.02363 0.07065 0.00190 ( 1)
 131 Y   0.93377 0.00775 0.05797 0.00051 ( 1)
 132 L   0.91019 0.01728 0.07114 0.00139 ( 1)
 133 L   0.93211 0.01542 0.05156 0.00091 ( 1)
 134 D   0.89053 0.06980 0.03655 0.00312 ( 1)
 135 P   0.91762 0.01462 0.06666 0.00110 ( 1)
 136 L   0.75111 0.17785 0.05715 0.01390 ( 1)
 137 Y   0.90357 0.01888 0.07593 0.00163 ( 1)
 138 E   0.00509 0.83387 0.00434 0.15670 ( 2)
 139 Q   0.52144 0.40723 0.03968 0.03165 ( 1)
 140 V   0.94256 0.01552 0.04118 0.00074 ( 1)
 141 G   0.92169 0.01354 0.06379 0.00098 ( 1)
 142 D   0.02157 0.58906 0.05661 0.33276 ( 2)
 143 -   0.58770 0.29151 0.08136 0.03943 ( 1)
 144 -   0.58770 0.29151 0.08136 0.03943 ( 1)
 145 N   0.95928 0.00152 0.03914 0.00007 ( 1)
 146 A   0.92430 0.01345 0.06132 0.00093 ( 1)
 147 M   0.94288 0.02423 0.03199 0.00091 ( 1)
 148 W   0.87998 0.04059 0.07587 0.00357 ( 1)
 149 A   0.95425 0.00229 0.04335 0.00011 ( 1)
 150 I   0.95570 0.00671 0.03730 0.00029 ( 1)
 151 M   0.96669 0.00052 0.03277 0.00002 ( 1)
 152 T   0.95101 0.00378 0.04501 0.00019 ( 1)
 153 V   0.95480 0.00333 0.04170 0.00016 ( 1)
 154 V   0.95047 0.00764 0.04152 0.00036 ( 1)
 155 V   0.93256 0.00852 0.05836 0.00056 ( 1)
 156 I   0.93247 0.02984 0.03641 0.00127 ( 1)
 157 F   0.95405 0.00344 0.04235 0.00017 ( 1)
 158 E   0.94026 0.00591 0.05347 0.00036 ( 1)
 159 F   0.93115 0.00922 0.05902 0.00061 ( 1)
 160 S   0.18533 0.74561 0.01358 0.05549 ( 2)
 161 A   0.91805 0.03010 0.05011 0.00174 ( 1)
 162 G   0.94902 0.00331 0.04748 0.00018 ( 1)
 163 A   0.95355 0.00298 0.04332 0.00015 ( 1)
 164 T   0.94078 0.00575 0.05313 0.00035 ( 1)
 165 L   0.94365 0.00555 0.05049 0.00032 ( 1)
 166 G   0.30311 0.63540 0.01945 0.04204 ( 2)
 167 K   0.93717 0.00699 0.05540 0.00044 ( 1)
 168 G   0.94441 0.00791 0.04726 0.00042 ( 1)
 169 L   0.81617 0.11441 0.06066 0.00875 ( 1)
 170 N   0.86239 0.09798 0.03528 0.00434 ( 1)
 171 R   0.88205 0.03646 0.07820 0.00329 ( 1)
 172 G   0.94345 0.00887 0.04721 0.00048 ( 1)
 173 I   0.31212 0.64743 0.01252 0.02793 ( 2)
 174 G   0.93099 0.01012 0.05822 0.00067 ( 1)
 175 T   0.94089 0.00563 0.05314 0.00034 ( 1)
 176 V   0.14195 0.78125 0.01181 0.06499 ( 2)
 177 L   0.82588 0.09973 0.06622 0.00818 ( 1)
 178 G   0.94675 0.00558 0.04737 0.00030 ( 1)
 179 G   0.94816 0.00417 0.04744 0.00022 ( 1)
 180 G   0.43398 0.51382 0.02417 0.02803 ( 2)
 181 L   0.80983 0.12073 0.06020 0.00924 ( 1)
 182 G   0.93001 0.01110 0.05816 0.00073 ( 1)
 183 C   0.67944 0.26148 0.04218 0.01690 ( 1)
 184 L   0.36312 0.56577 0.02746 0.04365 ( 2)
 185 A   0.38823 0.55056 0.02482 0.03640 ( 2)
 186 A   0.91273 0.03540 0.04982 0.00205 ( 1)
 187 I   0.90489 0.05730 0.03537 0.00244 ( 1)
 188 L   0.55595 0.37612 0.04008 0.02785 ( 1)
 189 A   0.93651 0.01588 0.04676 0.00085 ( 1)
 190 D   0.84110 0.12069 0.03306 0.00516 ( 1)
 191 E   0.20517 0.74458 0.01047 0.03978 ( 2)
 192 I   0.21080 0.73595 0.01147 0.04177 ( 2)
 193 G   0.83168 0.12978 0.03295 0.00559 ( 1)
 194 G   0.04770 0.86669 0.00454 0.08108 ( 2)
 195 I   0.72235 0.23427 0.03218 0.01120 ( 1)
 196 -   0.64585 0.23336 0.08926 0.03152 ( 1)
 197 -   0.66504 0.21417 0.09187 0.02892 ( 1)
 198 G   0.83068 0.10734 0.05464 0.00734 ( 1)
 199 N   0.95825 0.00254 0.03909 0.00011 ( 1)
 200 A   0.01817 0.91368 0.00133 0.06682 ( 2)
 201 V   0.13246 0.45279 0.25575 0.15900 ( 2)
 202 V   0.00939 0.94859 0.00039 0.04163 ( 2)
 203 V   0.87962 0.06124 0.05512 0.00402 ( 1)
 204 S   0.60865 0.32176 0.04514 0.02445 ( 1)
 205 I   0.05902 0.89184 0.00294 0.04619 ( 2)
 206 S   0.01885 0.92130 0.00118 0.05867 ( 2)
 207 V   0.93181 0.00546 0.06235 0.00038 ( 1)
 208 F   0.95560 0.00190 0.04241 0.00009 ( 1)
 209 V   0.79352 0.15503 0.04265 0.00880 ( 1)
 210 L   0.17978 0.77429 0.00829 0.03763 ( 2)
 211 G   0.67335 0.25730 0.04982 0.01953 ( 1)
 212 A   0.78664 0.16095 0.04311 0.00930 ( 1)
 213 A   0.47675 0.46949 0.02645 0.02730 ( 1)
 214 A   0.91199 0.03423 0.05173 0.00205 ( 1)
 215 T   0.93997 0.00656 0.05308 0.00039 ( 1)
 216 Y   0.90915 0.01932 0.06999 0.00154 ( 1)
 217 C   0.00715 0.93099 0.00047 0.06139 ( 2)
 218 R   0.86945 0.04455 0.08175 0.00424 ( 1)
