Supplemental results for CODEML (seqf: OG0002701.codon.phy  treef: OG0002701_tagged.tree)


MLEs of dN/dS (w) for site classes (K=4)

site class             0        1       2a       2b
proportion       0.62243  0.35667  0.01329  0.00761
background w     0.18405  1.00000  0.18405  1.00000
foreground w     0.18405  1.00000  8.77997  8.77997

Naive Empirical Bayes (NEB) probabilities for 4 classes
(amino acids refer to 1st sequence: Aer1)

   1 -   0.92227 0.05682 0.01969 0.00121 ( 1)
   2 -   0.20900 0.77009 0.00446 0.01644 ( 2)
   3 -   0.52751 0.45159 0.01126 0.00964 ( 1)
   4 -   0.62243 0.35667 0.01329 0.00761 ( 1)
   5 -   0.62243 0.35667 0.01329 0.00761 ( 1)
   6 -   0.62243 0.35667 0.01329 0.00761 ( 1)
   7 -   0.62243 0.35667 0.01329 0.00761 ( 1)
   8 -   0.62243 0.35667 0.01329 0.00761 ( 1)
   9 -   0.62243 0.35667 0.01329 0.00761 ( 1)
  10 -   0.62243 0.35667 0.01329 0.00761 ( 1)
  11 -   0.62243 0.35667 0.01329 0.00761 ( 1)
  12 -   0.62243 0.35667 0.01329 0.00761 ( 1)
  13 -   0.62243 0.35667 0.01329 0.00761 ( 1)
  14 -   0.62243 0.35667 0.01329 0.00761 ( 1)
  15 -   0.62243 0.35667 0.01329 0.00761 ( 1)
  16 -   0.62243 0.35667 0.01329 0.00761 ( 1)
  17 -   0.62243 0.35667 0.01329 0.00761 ( 1)
  18 -   0.62243 0.35667 0.01329 0.00761 ( 1)
  19 -   0.62243 0.35667 0.01329 0.00761 ( 1)
  20 -   0.62243 0.35667 0.01329 0.00761 ( 1)
  21 M   0.99831 0.00002 0.00167 0.00000 ( 1)
  22 E   0.45565 0.00004 0.54431 0.00001 ( 3)
  23 T   0.89726 0.09602 0.00600 0.00072 ( 1)
  24 E   0.05184 0.94203 0.00028 0.00585 ( 2)
  25 -   0.62243 0.35667 0.01329 0.00761 ( 1)
  26 -   0.62243 0.35667 0.01329 0.00761 ( 1)
  27 -   0.62243 0.35667 0.01329 0.00761 ( 1)
  28 -   0.62243 0.35667 0.01329 0.00761 ( 1)
  29 T   0.00480 0.98385 0.00005 0.01130 ( 2)
  30 K   0.00005 0.99339 0.00000 0.00655 ( 2)
  31 T   0.00009 0.99278 0.00000 0.00713 ( 2)
  32 -   0.53406 0.44194 0.01514 0.00885 ( 1)
  33 -   0.02825 0.94971 0.00098 0.02106 ( 2)
  34 -   0.62243 0.35667 0.01329 0.00761 ( 1)
  35 -   0.01837 0.47452 0.25489 0.25222 ( 2)
  36 Q   0.00341 0.95062 0.00076 0.04522 ( 2)
  37 E   0.00015 0.27087 0.06766 0.66132 ( 4)
  38 K   0.55246 0.37021 0.06708 0.01024 ( 1)
  39 N   0.00074 0.84556 0.00094 0.15276 ( 2)
  40 G   0.00006 0.27223 0.00879 0.71892 ( 4)
  41 F   0.00014 0.67905 0.00169 0.31912 ( 2)
  42 I   0.00006 0.69187 0.00068 0.30739 ( 2)
  43 A   0.00000 0.99573 0.00000 0.00427 ( 2)
  44 R   0.03650 0.95551 0.00027 0.00773 ( 2)
  45 G   0.00000 0.98914 0.00000 0.01085 ( 2)
  46 W   0.00440 0.98573 0.00004 0.00983 ( 2)
  47 D   0.00000 0.99412 0.00000 0.00588 ( 2)
  48 R   0.00005 0.98651 0.00000 0.01344 ( 2)
  49 F   0.00596 0.96160 0.00087 0.03156 ( 2)
  50 K   0.01707 0.93093 0.00415 0.04786 ( 2)
  51 A   0.00018 0.95067 0.00004 0.04910 ( 2)
  52 L   0.00077 0.99307 0.00000 0.00616 ( 2)
  53 P   0.00014 0.99652 0.00000 0.00335 ( 2)
  54 G   0.00049 0.99316 0.00000 0.00634 ( 2)
  55 N   0.98763 0.00814 0.00418 0.00004 ( 1)
  56 I   0.07044 0.92653 0.00017 0.00286 ( 2)
  57 K   0.07087 0.92423 0.00030 0.00459 ( 2)
  58 A   0.00000 0.99420 0.00000 0.00580 ( 2)
  59 K   0.99560 0.00018 0.00422 0.00000 ( 1)
  60 A   0.99697 0.00021 0.00282 0.00000 ( 1)
  61 V   0.06704 0.92547 0.00044 0.00705 ( 2)
  62 E   0.48555 0.51107 0.00148 0.00190 ( 2)
  63 I   0.01723 0.94818 0.00295 0.03164 ( 2)
  64 A   0.99457 0.00261 0.00281 0.00001 ( 1)
  65 K   0.73129 0.26430 0.00310 0.00131 ( 1)
  66 K   0.99197 0.00562 0.00239 0.00002 ( 1)
  67 T   0.00649 0.98979 0.00002 0.00370 ( 2)
  68 K   0.98460 0.01117 0.00417 0.00006 ( 1)
  69 K   0.99617 0.00002 0.00381 0.00000 ( 1)
  70 I   0.87287 0.01803 0.10860 0.00050 ( 1)
  71 A   0.99637 0.00002 0.00360 0.00000 ( 1)
  72 T   0.24747 0.74707 0.00122 0.00424 ( 2)
  73 D   0.99806 0.00000 0.00194 0.00000 ( 1)
  74 D   0.99696 0.00000 0.00304 0.00000 ( 1)
  75 P   0.99532 0.00001 0.00467 0.00000 ( 1)
  76 R   0.99658 0.00000 0.00342 0.00000 ( 1)
  77 R   0.99658 0.00000 0.00342 0.00000 ( 1)
  78 I   0.98458 0.01111 0.00425 0.00006 ( 1)
  79 T   0.89844 0.08392 0.01658 0.00107 ( 1)
  80 H   0.99482 0.00000 0.00518 0.00000 ( 1)
  81 C   0.99289 0.00017 0.00694 0.00000 ( 1)
  82 L   0.98726 0.00868 0.00402 0.00004 ( 1)
  83 K   0.99759 0.00000 0.00241 0.00000 ( 1)
  84 V   0.99700 0.00000 0.00300 0.00000 ( 1)
  85 A   0.99443 0.00000 0.00557 0.00000 ( 1)
  86 L   0.95234 0.04097 0.00638 0.00031 ( 1)
  87 A   0.99692 0.00000 0.00308 0.00000 ( 1)
  88 L   0.99038 0.00338 0.00621 0.00002 ( 1)
  89 T   0.99071 0.00622 0.00304 0.00002 ( 1)
  90 L   0.99332 0.00003 0.00665 0.00000 ( 1)
  91 V   0.99462 0.00001 0.00537 0.00000 ( 1)
  92 S   0.99395 0.00000 0.00605 0.00000 ( 1)
  93 L   0.96167 0.03325 0.00488 0.00019 ( 1)
  94 F   0.97205 0.02377 0.00407 0.00012 ( 1)
  95 Y   0.99323 0.00000 0.00676 0.00000 ( 1)
  96 Y   0.99548 0.00000 0.00452 0.00000 ( 1)
  97 F   0.62217 0.37457 0.00187 0.00138 ( 1)
  98 K   0.01366 0.97710 0.00012 0.00913 ( 2)
  99 -   0.62243 0.35667 0.01329 0.00761 ( 1)
 100 -   0.62243 0.35667 0.01329 0.00761 ( 1)
 101 -   0.62243 0.35667 0.01329 0.00761 ( 1)
 102 P   0.99491 0.00009 0.00500 0.00000 ( 1)
 103 L   0.56420 0.42881 0.00378 0.00322 ( 1)
 104 Y   0.99534 0.00013 0.00452 0.00000 ( 1)
 105 D   0.58880 0.40755 0.00199 0.00165 ( 1)
 106 G   0.97643 0.01743 0.00602 0.00012 ( 1)
 107 F   0.99583 0.00000 0.00417 0.00000 ( 1)
 108 G   0.99387 0.00000 0.00613 0.00000 ( 1)
 109 S   0.00653 0.98663 0.00004 0.00679 ( 2)
 110 E   0.02823 0.96239 0.00025 0.00913 ( 2)
 111 S   0.99367 0.00076 0.00557 0.00000 ( 1)
 112 L   0.99833 0.00000 0.00167 0.00000 ( 1)
 113 W   0.99076 0.00012 0.00912 0.00000 ( 1)
 114 A   0.99692 0.00000 0.00308 0.00000 ( 1)
 115 V   0.78626 0.00148 0.21219 0.00007 ( 1)
 116 L   0.95617 0.03878 0.00481 0.00023 ( 1)
 117 T   0.99639 0.00000 0.00361 0.00000 ( 1)
 118 V   0.99513 0.00000 0.00487 0.00000 ( 1)
 119 V   0.99463 0.00000 0.00537 0.00000 ( 1)
 120 V   0.99700 0.00000 0.00300 0.00000 ( 1)
 121 V   0.99700 0.00000 0.00300 0.00000 ( 1)
 122 F   0.99583 0.00000 0.00417 0.00000 ( 1)
 123 E   0.99782 0.00000 0.00218 0.00000 ( 1)
 124 F   0.99583 0.00000 0.00417 0.00000 ( 1)
 125 T   0.99690 0.00003 0.00306 0.00000 ( 1)
 126 A   0.99700 0.00000 0.00300 0.00000 ( 1)
 127 G   0.99652 0.00000 0.00348 0.00000 ( 1)
 128 A   0.99718 0.00000 0.00282 0.00000 ( 1)
 129 T   0.99694 0.00000 0.00306 0.00000 ( 1)
 130 L   0.99406 0.00000 0.00594 0.00000 ( 1)
 131 Y   0.25874 0.73463 0.00157 0.00506 ( 2)
 132 K   0.99759 0.00000 0.00241 0.00000 ( 1)
 133 G   0.99531 0.00008 0.00461 0.00000 ( 1)
 134 M   0.99408 0.00425 0.00166 0.00001 ( 1)
 135 N   0.99663 0.00000 0.00337 0.00000 ( 1)
 136 R   0.99658 0.00000 0.00342 0.00000 ( 1)
 137 G   0.08316 0.91273 0.00029 0.00382 ( 2)
 138 L   0.66903 0.32657 0.00280 0.00160 ( 1)
 139 A   0.99497 0.00000 0.00503 0.00000 ( 1)
 140 T   0.99694 0.00000 0.00306 0.00000 ( 1)
 141 L   0.19188 0.80477 0.00055 0.00280 ( 2)
 142 L   0.00526 0.98801 0.00003 0.00669 ( 2)
 143 A   0.99692 0.00000 0.00308 0.00000 ( 1)
 144 G   0.99652 0.00000 0.00348 0.00000 ( 1)
 145 A   0.99672 0.00021 0.00308 0.00000 ( 1)
 146 L   0.99406 0.00000 0.00594 0.00000 ( 1)
 147 G   0.99386 0.00001 0.00613 0.00000 ( 1)
 148 V   0.99671 0.00029 0.00299 0.00000 ( 1)
 149 G   0.99640 0.00000 0.00360 0.00000 ( 1)
 150 A   0.99496 0.00001 0.00503 0.00000 ( 1)
 151 N   0.69258 0.30333 0.00268 0.00141 ( 1)
 152 Y   0.00455 0.99271 0.00001 0.00273 ( 2)
 153 I   0.96629 0.02863 0.00491 0.00017 ( 1)
 154 A   0.99718 0.00000 0.00282 0.00000 ( 1)
 155 S   0.88957 0.10573 0.00413 0.00057 ( 1)
 156 L   0.93504 0.05908 0.00549 0.00039 ( 1)
 157 L   0.99412 0.00288 0.00299 0.00001 ( 1)
 158 G   0.99640 0.00000 0.00360 0.00000 ( 1)
 159 E   0.00009 0.99621 0.00000 0.00370 ( 2)
 160 E   0.92479 0.07276 0.00223 0.00022 ( 1)
 161 G   0.96429 0.03208 0.00349 0.00014 ( 1)
 162 E   0.99252 0.00011 0.00737 0.00000 ( 1)
 163 P   0.99268 0.00001 0.00731 0.00000 ( 1)
 164 I   0.99678 0.00003 0.00319 0.00000 ( 1)
 165 A   0.98782 0.00970 0.00244 0.00003 ( 1)
 166 L   0.99461 0.00134 0.00405 0.00001 ( 1)
 167 G   0.99311 0.00131 0.00556 0.00001 ( 1)
 168 V   0.00166 0.99373 0.00001 0.00460 ( 2)
 169 F   0.99146 0.00121 0.00732 0.00001 ( 1)
 170 V   0.99551 0.00000 0.00449 0.00000 ( 1)
 171 F   0.99583 0.00000 0.00417 0.00000 ( 1)
 172 L   0.81690 0.17790 0.00415 0.00104 ( 1)
 173 L   0.72890 0.26671 0.00307 0.00132 ( 1)
 174 T   0.99678 0.00000 0.00322 0.00000 ( 1)
 175 A   0.99713 0.00001 0.00286 0.00000 ( 1)
 176 A   0.76135 0.23568 0.00215 0.00082 ( 1)
 177 S   0.75215 0.24300 0.00353 0.00132 ( 1)
 178 T   0.99409 0.00000 0.00591 0.00000 ( 1)
 179 F   0.99323 0.00000 0.00676 0.00000 ( 1)
 180 S   0.00036 0.99323 0.00000 0.00641 ( 2)
 181 R   0.99658 0.00000 0.00342 0.00000 ( 1)
 182 F   0.99583 0.00000 0.00417 0.00000 ( 1)
 183 F   0.99727 0.00000 0.00273 0.00000 ( 1)
 184 P   0.99261 0.00000 0.00739 0.00000 ( 1)
 185 H   0.00014 0.94718 0.00004 0.05264 ( 2)
 186 I   0.99573 0.00027 0.00400 0.00000 ( 1)
 187 K   0.99578 0.00000 0.00422 0.00000 ( 1)
 188 A   0.99431 0.00012 0.00557 0.00000 ( 1)
 189 R   0.99137 0.00000 0.00863 0.00000 ( 1)
 190 Y   0.99318 0.00006 0.00676 0.00000 ( 1)
 191 D   0.99806 0.00000 0.00194 0.00000 ( 1)
 192 Y   0.99324 0.00000 0.00676 0.00000 ( 1)
 193 G   0.99381 0.00006 0.00613 0.00000 ( 1)
 194 V   0.20943 0.78458 0.00113 0.00486 ( 2)
 195 L   0.98352 0.00725 0.00915 0.00007 ( 1)
 196 I   0.99812 0.00000 0.00188 0.00000 ( 1)
 197 F   0.81556 0.00000 0.18444 0.00000 ( 1)
 198 I   0.99812 0.00000 0.00188 0.00000 ( 1)
 199 L   0.99331 0.00004 0.00665 0.00000 ( 1)
 200 T   0.99675 0.00000 0.00325 0.00000 ( 1)
 201 F   0.99583 0.00000 0.00417 0.00000 ( 1)
 202 S   0.99086 0.00616 0.00296 0.00002 ( 1)
 203 L   0.99478 0.00017 0.00505 0.00000 ( 1)
 204 V   0.99725 0.00000 0.00275 0.00000 ( 1)
 205 S   0.97974 0.01163 0.00852 0.00011 ( 1)
 206 V   0.99472 0.00128 0.00399 0.00001 ( 1)
 207 S   0.99495 0.00038 0.00467 0.00000 ( 1)
 208 A   0.99652 0.00000 0.00348 0.00000 ( 1)
 209 Y   0.99323 0.00000 0.00676 0.00000 ( 1)
 210 R   0.99618 0.00040 0.00342 0.00000 ( 1)
 211 V   0.99534 0.00167 0.00299 0.00001 ( 1)
 212 D   0.00535 0.99216 0.00001 0.00248 ( 2)
 213 E   0.99486 0.00026 0.00489 0.00000 ( 1)
 214 I   0.99599 0.00001 0.00400 0.00000 ( 1)
 215 I   0.61036 0.38660 0.00170 0.00134 ( 1)
 216 E   0.27180 0.72387 0.00104 0.00328 ( 2)
 217 L   0.99330 0.00359 0.00310 0.00001 ( 1)
 218 A   0.99640 0.00004 0.00357 0.00000 ( 1)
 219 H   0.10173 0.89241 0.00053 0.00533 ( 2)
 220 K   0.00626 0.98810 0.00003 0.00560 ( 2)
 221 R   0.99557 0.00000 0.00443 0.00000 ( 1)
 222 L   0.97753 0.01324 0.00910 0.00013 ( 1)
 223 S   0.99297 0.00009 0.00694 0.00000 ( 1)
 224 T   0.99462 0.00000 0.00538 0.00000 ( 1)
 225 I   0.99752 0.00001 0.00247 0.00000 ( 1)
 226 M   0.00911 0.98345 0.00006 0.00738 ( 2)
 227 L   0.99568 0.00027 0.00405 0.00000 ( 1)
 228 G   0.99387 0.00000 0.00613 0.00000 ( 1)
 229 V   0.96252 0.03398 0.00336 0.00014 ( 1)
 230 A   0.00870 0.98784 0.00002 0.00343 ( 2)
 231 I   0.22853 0.76853 0.00056 0.00237 ( 2)
 232 C   0.99475 0.00012 0.00513 0.00000 ( 1)
 233 I   0.93212 0.06596 0.00176 0.00016 ( 1)
 234 V   0.64585 0.34989 0.00259 0.00166 ( 1)
 235 I   0.99599 0.00001 0.00400 0.00000 ( 1)
 236 S   0.98536 0.00769 0.00689 0.00006 ( 1)
 237 I   0.97429 0.02381 0.00184 0.00006 ( 1)
 238 F   0.99649 0.00078 0.00272 0.00000 ( 1)
 239 I   0.99543 0.00000 0.00456 0.00000 ( 1)
 240 C   0.99266 0.00003 0.00731 0.00000 ( 1)
 241 P   0.99500 0.00000 0.00500 0.00000 ( 1)
 242 V   0.99700 0.00000 0.00300 0.00000 ( 1)
 243 W   0.99076 0.00012 0.00912 0.00000 ( 1)
 244 A   0.99692 0.00000 0.00308 0.00000 ( 1)
 245 G   0.99652 0.00000 0.00348 0.00000 ( 1)
 246 E   0.97769 0.01741 0.00480 0.00010 ( 1)
 247 I   0.99806 0.00000 0.00194 0.00000 ( 1)
 248 L   0.99595 0.00000 0.00405 0.00000 ( 1)
 249 H   0.99481 0.00001 0.00518 0.00000 ( 1)
 250 N   0.99784 0.00002 0.00214 0.00000 ( 1)
 251 L   0.91792 0.07578 0.00576 0.00054 ( 1)
 252 V   0.99283 0.00417 0.00298 0.00002 ( 1)
 253 A   0.99617 0.00075 0.00307 0.00000 ( 1)
 254 N   0.00000 0.99385 0.00000 0.00615 ( 2)
 255 N   0.99663 0.00000 0.00337 0.00000 ( 1)
 256 I   0.01455 0.98069 0.00006 0.00470 ( 2)
 257 E   0.99782 0.00000 0.00218 0.00000 ( 1)
 258 K   0.94355 0.04975 0.00632 0.00037 ( 1)
 259 L   0.99565 0.00000 0.00435 0.00000 ( 1)
 260 S   0.97488 0.01816 0.00682 0.00014 ( 1)
 261 S   0.02369 0.97228 0.00008 0.00395 ( 2)
 262 F   0.99473 0.00003 0.00524 0.00000 ( 1)
 263 L   0.99594 0.00001 0.00405 0.00000 ( 1)
 264 E   0.99782 0.00000 0.00218 0.00000 ( 1)
 265 -   0.62243 0.35667 0.01329 0.00761 ( 1)
 266 -   0.62243 0.35667 0.01329 0.00761 ( 1)
 267 -   0.62243 0.35667 0.01329 0.00761 ( 1)
 268 -   0.62243 0.35667 0.01329 0.00761 ( 1)
 269 -   0.62243 0.35667 0.01329 0.00761 ( 1)
 270 -   0.62243 0.35667 0.01329 0.00761 ( 1)
 271 -   0.62243 0.35667 0.01329 0.00761 ( 1)
 272 -   0.62243 0.35667 0.01329 0.00761 ( 1)
 273 -   0.62243 0.35667 0.01329 0.00761 ( 1)
 274 -   0.62243 0.35667 0.01329 0.00761 ( 1)
 275 -   0.62243 0.35667 0.01329 0.00761 ( 1)
 276 -   0.62243 0.35667 0.01329 0.00761 ( 1)
 277 -   0.62243 0.35667 0.01329 0.00761 ( 1)
 278 -   0.62243 0.35667 0.01329 0.00761 ( 1)
 279 -   0.62243 0.35667 0.01329 0.00761 ( 1)
 280 -   0.62243 0.35667 0.01329 0.00761 ( 1)
 281 -   0.62243 0.35667 0.01329 0.00761 ( 1)
 282 -   0.62243 0.35667 0.01329 0.00761 ( 1)
 283 -   0.62243 0.35667 0.01329 0.00761 ( 1)
 284 -   0.62243 0.35667 0.01329 0.00761 ( 1)
 285 -   0.62243 0.35667 0.01329 0.00761 ( 1)
 286 -   0.62243 0.35667 0.01329 0.00761 ( 1)
 287 -   0.62243 0.35667 0.01329 0.00761 ( 1)
 288 -   0.62243 0.35667 0.01329 0.00761 ( 1)
 289 -   0.62243 0.35667 0.01329 0.00761 ( 1)
 290 -   0.62243 0.35667 0.01329 0.00761 ( 1)
 291 G   0.99639 0.00001 0.00360 0.00000 ( 1)
 292 F   0.99727 0.00000 0.00273 0.00000 ( 1)
 293 G   0.99633 0.00006 0.00360 0.00000 ( 1)
 294 D   0.57601 0.42022 0.00201 0.00176 ( 1)
 295 E   0.98848 0.00000 0.01152 0.00000 ( 1)
 296 Y   0.76441 0.00000 0.23559 0.00000 ( 1)
 297 F   0.99583 0.00000 0.00417 0.00000 ( 1)
 298 R   0.07511 0.90994 0.00138 0.01358 ( 2)
 299 V   0.03097 0.96537 0.00009 0.00356 ( 2)
 300 L   0.00000 0.99458 0.00000 0.00542 ( 2)
 301 E   0.00026 0.99356 0.00000 0.00618 ( 2)
 302 D   0.18108 0.81653 0.00035 0.00203 ( 2)
 303 G   0.99229 0.00410 0.00359 0.00002 ( 1)
 304 D   0.04707 0.94925 0.00014 0.00353 ( 2)
 305 T   0.00000 0.99465 0.00000 0.00535 ( 2)
 306 -   0.46140 0.51769 0.00985 0.01105 ( 2)
 307 G   0.00001 0.90803 0.00001 0.09195 ( 2)
 308 M   0.02142 0.97644 0.00004 0.00211 ( 2)
 309 V   0.43348 0.56252 0.00157 0.00243 ( 2)
 310 T   0.01842 0.97349 0.00014 0.00795 ( 2)
 311 K   0.92775 0.06798 0.00393 0.00034 ( 1)
 312 K   0.03711 0.96015 0.00008 0.00266 ( 2)
 313 D   0.02300 0.97386 0.00006 0.00308 ( 2)
 314 K   0.93695 0.05878 0.00397 0.00029 ( 1)
 315 P   0.00992 0.98325 0.00006 0.00677 ( 2)
 316 Y   0.06082 0.93433 0.00025 0.00459 ( 2)
 317 L   0.99657 0.00096 0.00246 0.00000 ( 1)
 318 Q   0.40510 0.45004 0.11768 0.02718 ( 2)
 319 G   0.96666 0.02983 0.00338 0.00012 ( 1)
 320 Y   0.99324 0.00000 0.00676 0.00000 ( 1)
 321 K   0.99751 0.00008 0.00241 0.00000 ( 1)
 322 S   0.99600 0.00102 0.00297 0.00000 ( 1)
 323 V   0.99126 0.00000 0.00874 0.00000 ( 1)
 324 L   0.98979 0.00000 0.01021 0.00000 ( 1)
 325 N   0.99293 0.00001 0.00706 0.00000 ( 1)
 326 T   0.99332 0.00003 0.00665 0.00000 ( 1)
 327 K   0.99287 0.00000 0.00713 0.00000 ( 1)
 328 S   0.00010 0.99187 0.00000 0.00803 ( 2)
 329 N   0.02342 0.96879 0.00017 0.00763 ( 2)
 330 E   0.99463 0.00000 0.00537 0.00000 ( 1)
 331 E   0.78646 0.00000 0.21354 0.00000 ( 1)
 332 S   0.01222 0.97619 0.00013 0.01146 ( 2)
 333 L   0.98297 0.00641 0.01055 0.00007 ( 1)
 334 A   0.99718 0.00000 0.00282 0.00000 ( 1)
 335 N   0.99663 0.00000 0.00337 0.00000 ( 1)
 336 F   0.99725 0.00002 0.00273 0.00000 ( 1)
 337 A   0.99718 0.00000 0.00282 0.00000 ( 1)
 338 W   0.96149 0.02937 0.00885 0.00029 ( 1)
 339 W   0.99076 0.00012 0.00912 0.00000 ( 1)
 340 E   0.99782 0.00000 0.00218 0.00000 ( 1)
 341 P   0.99500 0.00000 0.00500 0.00000 ( 1)
 342 G   0.09549 0.90041 0.00033 0.00377 ( 2)
 343 H   0.99651 0.00000 0.00349 0.00000 ( 1)
 344 G   0.99387 0.00000 0.00613 0.00000 ( 1)
 345 K   0.00509 0.99131 0.00002 0.00359 ( 2)
 346 F   0.99727 0.00000 0.00273 0.00000 ( 1)
 347 G   0.54201 0.45029 0.00401 0.00369 ( 1)
 348 F   0.99724 0.00004 0.00273 0.00000 ( 1)
 349 H   0.98693 0.00700 0.00602 0.00005 ( 1)
 350 H   0.99651 0.00000 0.00349 0.00000 ( 1)
 351 P   0.99533 0.00000 0.00467 0.00000 ( 1)
 352 W   0.99076 0.00012 0.00912 0.00000 ( 1)
 353 K   0.10986 0.05375 0.82069 0.01570 ( 3)
 354 Q   0.98845 0.00666 0.00486 0.00004 ( 1)
 355 Y   0.99323 0.00000 0.00676 0.00000 ( 1)
 356 L   0.98993 0.00083 0.00924 0.00001 ( 1)
 357 K   0.99054 0.00565 0.00379 0.00003 ( 1)
 358 I   0.99710 0.00000 0.00290 0.00000 ( 1)
 359 G   0.99640 0.00000 0.00360 0.00000 ( 1)
 360 V   0.00016 0.99402 0.00000 0.00582 ( 2)
 361 M   0.96755 0.02838 0.00394 0.00014 ( 1)
 362 T   0.97523 0.02142 0.00327 0.00009 ( 1)
 363 R   0.98749 0.00242 0.01006 0.00003 ( 1)
 364 K   0.99265 0.00001 0.00734 0.00000 ( 1)
 365 C   0.99486 0.00001 0.00513 0.00000 ( 1)
 366 A   0.99692 0.00000 0.00308 0.00000 ( 1)
 367 F   0.15469 0.74285 0.05181 0.05065 ( 2)
 368 H   0.77047 0.22589 0.00270 0.00094 ( 1)
 369 M   0.99098 0.00006 0.00896 0.00000 ( 1)
 370 E   0.99531 0.00000 0.00468 0.00000 ( 1)
 371 A   0.99162 0.00530 0.00306 0.00002 ( 1)
 372 L   0.99415 0.00002 0.00583 0.00000 ( 1)
 373 S   0.73685 0.25940 0.00265 0.00111 ( 1)
 374 G   0.00002 0.99418 0.00000 0.00580 ( 2)
 375 Y   0.72477 0.26826 0.00494 0.00204 ( 1)
 376 I   0.99104 0.00231 0.00664 0.00002 ( 1)
 377 N   0.93718 0.06064 0.00201 0.00016 ( 1)
 378 S   0.99497 0.00049 0.00453 0.00000 ( 1)
 379 D   0.01971 0.97579 0.00008 0.00443 ( 2)
 380 I   0.00047 0.96847 0.00007 0.03099 ( 2)
 381 Q   0.99133 0.00133 0.00733 0.00001 ( 1)
 382 A   0.94091 0.05624 0.00266 0.00020 ( 1)
 383 P   0.41885 0.57605 0.00197 0.00314 ( 2)
 384 P   0.00018 0.99440 0.00000 0.00542 ( 2)
 385 E   0.99592 0.00028 0.00381 0.00000 ( 1)
 386 F   0.99581 0.00002 0.00417 0.00000 ( 1)
 387 L   0.00027 0.99409 0.00000 0.00564 ( 2)
 388 -   0.29652 0.68257 0.00633 0.01457 ( 2)
 389 R   0.00000 0.94809 0.00000 0.05191 ( 2)
 390 K   0.99726 0.00033 0.00241 0.00000 ( 1)
 391 I   0.99753 0.00000 0.00247 0.00000 ( 1)
 392 Q   0.99440 0.00071 0.00488 0.00000 ( 1)
 393 D   0.23208 0.76530 0.00051 0.00211 ( 2)
 394 P   0.00025 0.99433 0.00000 0.00541 ( 2)
 395 C   0.32347 0.66869 0.00238 0.00546 ( 2)
 396 K   0.98289 0.01543 0.00164 0.00003 ( 1)
 397 K   0.82855 0.16894 0.00200 0.00051 ( 1)
 398 M   0.99833 0.00000 0.00167 0.00000 ( 1)
 399 S   0.99538 0.00000 0.00462 0.00000 ( 1)
 400 S   0.00063 0.79800 0.00086 0.20051 ( 2)
 401 E   0.99782 0.00000 0.00218 0.00000 ( 1)
 402 S   0.71405 0.27953 0.00445 0.00197 ( 1)
 403 G   0.99639 0.00000 0.00360 0.00000 ( 1)
 404 K   0.99299 0.00279 0.00421 0.00001 ( 1)
 405 A   0.99692 0.00000 0.00308 0.00000 ( 1)
 406 L   0.99332 0.00002 0.00665 0.00000 ( 1)
 407 K   0.99759 0.00000 0.00241 0.00000 ( 1)
 408 E   0.99781 0.00001 0.00218 0.00000 ( 1)
 409 L   0.99201 0.00205 0.00593 0.00001 ( 1)
 410 S   0.99495 0.00002 0.00503 0.00000 ( 1)
 411 L   0.00009 0.99773 0.00000 0.00218 ( 2)
 412 A   0.99600 0.00077 0.00323 0.00000 ( 1)
 413 I   0.93964 0.05632 0.00377 0.00027 ( 1)
 414 K   0.99759 0.00000 0.00241 0.00000 ( 1)
 415 T   0.92612 0.07049 0.00310 0.00028 ( 1)
 416 M   0.99727 0.00000 0.00273 0.00000 ( 1)
 417 T   0.92818 0.02546 0.04601 0.00036 ( 1)
 418 H   0.00002 0.99434 0.00000 0.00564 ( 2)
 419 -   0.62243 0.35667 0.01329 0.00761 ( 1)
 420 P   0.96139 0.03391 0.00451 0.00018 ( 1)
 421 -   0.63469 0.34441 0.01355 0.00735 ( 1)
 422 S   0.04937 0.94525 0.00023 0.00515 ( 2)
 423 S   0.11021 0.81835 0.02792 0.04353 ( 2)
 424 A   0.73129 0.26553 0.00220 0.00098 ( 1)
 425 N   0.15375 0.84385 0.00030 0.00210 ( 2)
 426 A   0.00000 0.99656 0.00000 0.00344 ( 2)
 427 H   0.99482 0.00000 0.00518 0.00000 ( 1)
 428 L   0.99725 0.00087 0.00188 0.00000 ( 1)
 429 D   0.00022 0.99526 0.00000 0.00452 ( 2)
 430 K   0.99534 0.00004 0.00462 0.00000 ( 1)
 431 S   0.99242 0.00064 0.00694 0.00000 ( 1)
 432 K   0.99759 0.00000 0.00241 0.00000 ( 1)
 433 I   0.00000 0.78824 0.00000 0.21175 ( 2)
 434 A   0.99497 0.00000 0.00503 0.00000 ( 1)
 435 I   0.87160 0.12660 0.00153 0.00028 ( 1)
 436 T   0.52972 0.04561 0.42103 0.00363 ( 1)
 437 D   0.00001 0.99724 0.00000 0.00276 ( 2)
 438 L   0.99362 0.00015 0.00623 0.00000 ( 1)
 439 K   0.99732 0.00027 0.00241 0.00000 ( 1)
 440 T   0.35805 0.63846 0.00110 0.00239 ( 2)
 441 S   0.70294 0.29196 0.00344 0.00166 ( 1)
 442 L   0.99047 0.00031 0.00922 0.00000 ( 1)
 443 E   0.98366 0.01392 0.00238 0.00004 ( 1)
 444 A   0.92170 0.07526 0.00276 0.00028 ( 1)
 445 A   0.01041 0.98395 0.00005 0.00560 ( 2)
 446 S   0.00502 0.98814 0.00003 0.00680 ( 2)
 447 R   0.00001 0.99590 0.00000 0.00409 ( 2)
 448 -   0.69118 0.28792 0.01476 0.00615 ( 1)
 449 -   0.28480 0.69430 0.00608 0.01482 ( 2)
 450 -   0.69118 0.28792 0.01476 0.00615 ( 1)
 451 -   0.69471 0.28439 0.01483 0.00607 ( 1)
 452 -   0.18562 0.79348 0.00396 0.01694 ( 2)
 453 -   0.69598 0.28312 0.01486 0.00604 ( 1)
 454 E   0.74406 0.23504 0.01589 0.00502 ( 1)
 455 T   0.01060 0.98446 0.00004 0.00490 ( 2)
 456 N   0.00051 0.99673 0.00000 0.00276 ( 2)
 457 A   0.00000 0.99470 0.00000 0.00530 ( 2)
 458 -   0.20145 0.77765 0.00430 0.01660 ( 2)
 459 E   0.87174 0.12513 0.00266 0.00046 ( 1)
 460 L   0.98596 0.00780 0.00619 0.00006 ( 1)
 461 L   0.99256 0.00120 0.00623 0.00001 ( 1)
 462 K   0.99738 0.00021 0.00241 0.00000 ( 1)
 463 I   0.98313 0.01286 0.00395 0.00006 ( 1)
 464 I   0.98166 0.00435 0.01395 0.00005 ( 1)
 465 P   0.99158 0.00088 0.00754 0.00001 ( 1)
 466 A   0.66007 0.33272 0.00462 0.00259 ( 1)
 467 V   0.38384 0.61150 0.00162 0.00304 ( 2)
 468 T   0.99660 0.00006 0.00334 0.00000 ( 1)
 469 V   0.99687 0.00013 0.00300 0.00000 ( 1)
 470 A   0.99310 0.00085 0.00604 0.00001 ( 1)
 471 S   0.99135 0.00002 0.00862 0.00000 ( 1)
 472 I   0.91226 0.00019 0.08754 0.00000 ( 1)
 473 L   0.72175 0.00002 0.27822 0.00000 ( 1)
 474 T   0.96592 0.03072 0.00324 0.00012 ( 1)
 475 D   0.99806 0.00000 0.00194 0.00000 ( 1)
 476 I   0.99739 0.00015 0.00247 0.00000 ( 1)
 477 T   0.05250 0.94412 0.00014 0.00323 ( 2)
 478 K   0.89866 0.09887 0.00217 0.00030 ( 1)
 479 C   0.39759 0.59463 0.00293 0.00485 ( 2)
 480 V   0.26161 0.73294 0.00128 0.00417 ( 2)
 481 E   0.99782 0.00000 0.00218 0.00000 ( 1)
 482 G   0.99243 0.00515 0.00240 0.00002 ( 1)
 483 V   0.99600 0.00000 0.00400 0.00000 ( 1)
 484 A   0.01614 0.97988 0.00005 0.00393 ( 2)
 485 E   0.82377 0.00251 0.17361 0.00011 ( 1)
 486 A   0.95254 0.04048 0.00666 0.00032 ( 1)
 487 V   0.99408 0.00191 0.00400 0.00001 ( 1)
 488 R   0.76706 0.22930 0.00269 0.00096 ( 1)
 489 E   0.99619 0.00000 0.00381 0.00000 ( 1)
 490 L   0.99595 0.00000 0.00405 0.00000 ( 1)
 491 S   0.99137 0.00000 0.00862 0.00000 ( 1)
 492 H   0.00005 0.99054 0.00000 0.00940 ( 2)
 493 E   0.69368 0.30121 0.00341 0.00171 ( 1)
 494 A   0.99718 0.00000 0.00282 0.00000 ( 1)
 495 R   0.17551 0.74808 0.04003 0.03638 ( 2)
 496 -   0.67924 0.29985 0.01450 0.00640 ( 1)
 497 -   0.66642 0.31267 0.01423 0.00668 ( 1)
 498 F   0.99583 0.00000 0.00417 0.00000 ( 1)
 499 K   0.99755 0.00004 0.00241 0.00000 ( 1)
 500 R   0.00034 0.99696 0.00000 0.00270 ( 2)
 501 -   0.51184 0.46726 0.01093 0.00998 ( 1)
 502 V   0.21065 0.78543 0.00072 0.00320 ( 2)
 503 E   0.08145 0.91296 0.00040 0.00519 ( 2)
 504 M   0.00000 0.97397 0.00000 0.02603 ( 2)
 505 T   0.00000 0.99308 0.00000 0.00692 ( 2)
 506 V   0.00014 0.99370 0.00000 0.00615 ( 2)
 507 -   0.16703 0.81207 0.00357 0.01734 ( 2)
 508 S   0.00266 0.97643 0.00006 0.02085 ( 2)
 509 K   0.00074 0.97836 0.00002 0.02089 ( 2)
 510 E   0.99459 0.00062 0.00479 0.00000 ( 1)
 511 -   0.20040 0.77869 0.00428 0.01662 ( 2)
 512 -   0.62243 0.35667 0.01329 0.00761 ( 1)
 513 -   0.62243 0.35667 0.01329 0.00761 ( 1)
 514 -   0.62243 0.35667 0.01329 0.00761 ( 1)
 515 -   0.62243 0.35667 0.01329 0.00761 ( 1)
 516 -   0.62243 0.35667 0.01329 0.00761 ( 1)
 517 -   0.13398 0.84512 0.00286 0.01804 ( 2)
 518 K   0.99570 0.00008 0.00422 0.00000 ( 1)
 519 -   0.66617 0.31293 0.01422 0.00668 ( 1)
 520 T   0.08208 0.91223 0.00041 0.00528 ( 2)
 521 P   0.00000 0.99187 0.00000 0.00813 ( 2)
 522 L   0.00697 0.98721 0.00004 0.00578 ( 2)
 523 I   0.00000 0.99523 0.00000 0.00477 ( 2)
 524 G   0.00000 0.99283 0.00000 0.00717 ( 2)
 525 Q   0.00000 0.99306 0.00000 0.00694 ( 2)
 526 E   0.00059 0.99511 0.00000 0.00430 ( 2)
 527 S   0.00000 0.99618 0.00000 0.00382 ( 2)
 528 V   0.02020 0.97640 0.00006 0.00334 ( 2)
 529 K   0.00000 0.99624 0.00000 0.00376 ( 2)
 530 P   0.94283 0.04924 0.00751 0.00043 ( 1)
 531 V   0.00793 0.98961 0.00002 0.00245 ( 2)
 532 N   0.00000 0.99411 0.00000 0.00589 ( 2)
 533 S   0.00539 0.99091 0.00002 0.00368 ( 2)
 534 -   0.03061 0.94848 0.00065 0.02025 ( 2)
 535 -   0.94466 0.03443 0.02017 0.00074 ( 1)
 536 -   0.20550 0.77359 0.00439 0.01652 ( 2)
 537 -   0.62243 0.35667 0.01329 0.00761 ( 1)
 538 -   0.62243 0.35667 0.01329 0.00761 ( 1)
 539 -   0.62243 0.35667 0.01329 0.00761 ( 1)
 540 -   0.14858 0.83052 0.00317 0.01773 ( 2)
 541 -   0.00570 0.97339 0.00012 0.02078 ( 2)
 542 G   0.00013 0.99570 0.00000 0.00417 ( 2)
 543 D   0.10688 0.89070 0.00021 0.00221 ( 2)
 544 G   0.01078 0.98506 0.00004 0.00412 ( 2)
 545 G   0.01067 0.98685 0.00002 0.00245 ( 2)
 546 G   0.01762 0.97548 0.00011 0.00679 ( 2)
 547 E   0.00001 0.78998 0.00005 0.20996 ( 2)
 548 H   0.99650 0.00001 0.00349 0.00000 ( 1)
 549 V   0.99252 0.00261 0.00485 0.00001 ( 1)
 550 I   0.10772 0.85496 0.01328 0.02405 ( 2)
 551 I   0.99672 0.00028 0.00300 0.00000 ( 1)
 552 E   0.94634 0.05196 0.00158 0.00011 ( 1)
 553 V   0.99717 0.00009 0.00275 0.00000 ( 1)
 554 -   0.62243 0.35667 0.01329 0.00761 ( 1)
 555 R   0.00001 0.99582 0.00000 0.00417 ( 2)
 556 G   0.00000 0.96419 0.00000 0.03581 ( 2)
 557 V   0.00017 0.99538 0.00000 0.00445 ( 2)
 558 L   0.00000 0.99316 0.00000 0.00684 ( 2)
 559 L   0.00000 0.99254 0.00000 0.00746 ( 2)
 560 E   0.00000 0.99548 0.00000 0.00452 ( 2)
 561 S   0.00000 0.99060 0.00000 0.00940 ( 2)
 562 S   0.00000 0.94693 0.00000 0.05307 ( 2)
 563 -   0.28639 0.71133 0.00054 0.00174 ( 2)
 564 E   0.01142 0.95588 0.00172 0.03098 ( 2)
 565 N   0.77905 0.21744 0.00263 0.00088 ( 1)
 566 E   0.00048 0.99260 0.00000 0.00691 ( 2)
 567 N   0.01119 0.98464 0.00004 0.00413 ( 2)
 568 -   0.00000 0.98158 0.00000 0.01841 ( 2)
 569 P   0.00054 0.99404 0.00000 0.00542 ( 2)
 570 H   0.00000 0.99187 0.00000 0.00813 ( 2)
 571 A   0.00000 0.99653 0.00000 0.00347 ( 2)
 572 -   0.62243 0.35667 0.01329 0.00761 ( 1)
 573 P   0.03778 0.95539 0.00023 0.00660 ( 2)
 574 K   0.00173 0.99332 0.00001 0.00494 ( 2)
 575 K   0.00000 0.99598 0.00000 0.00402 ( 2)
 576 G   0.00010 0.99454 0.00000 0.00535 ( 2)
 577 -   0.00075 0.97835 0.00002 0.02089 ( 2)
 578 -   0.73365 0.24545 0.01566 0.00524 ( 1)
 579 -   0.69736 0.28174 0.01489 0.00602 ( 1)
 580 -   0.70687 0.27223 0.01509 0.00581 ( 1)
 581 -   0.72724 0.25185 0.01553 0.00538 ( 1)
 582 -   0.72724 0.25185 0.01553 0.00538 ( 1)
 583 -   0.72178 0.25732 0.01541 0.00549 ( 1)
 584 -   0.31277 0.66632 0.00668 0.01423 ( 2)
 585 -   0.75573 0.22337 0.01613 0.00477 ( 1)
 586 -   0.71698 0.26211 0.01531 0.00560 ( 1)
 587 -   0.74304 0.23606 0.01586 0.00504 ( 1)
 588 -   0.08166 0.89743 0.00174 0.01916 ( 2)
 589 -   0.75479 0.22430 0.01611 0.00479 ( 1)
 590 -   0.75479 0.22430 0.01611 0.00479 ( 1)
 591 -   0.36481 0.61429 0.00779 0.01311 ( 2)
 592 -   0.75786 0.22124 0.01618 0.00472 ( 1)
 593 -   0.16681 0.81229 0.00356 0.01734 ( 2)
 594 -   0.39422 0.58488 0.00842 0.01249 ( 2)
 595 -   0.66756 0.31153 0.01425 0.00665 ( 1)
 596 -   0.47488 0.50421 0.01014 0.01076 ( 2)
 597 -   0.02458 0.95451 0.00052 0.02038 ( 2)
 598 -   0.92709 0.05200 0.01979 0.00111 ( 1)
 599 -   0.89936 0.07974 0.01920 0.00170 ( 1)
 600 -   0.12776 0.85133 0.00273 0.01818 ( 2)
 601 -   0.00051 0.99385 0.00000 0.00564 ( 2)
 602 -   0.00006 0.99458 0.00000 0.00536 ( 2)
 603 -   0.00009 0.99410 0.00000 0.00581 ( 2)
 604 -   0.00109 0.76501 0.00771 0.22619 ( 2)
 605 -   0.00390 0.98994 0.00002 0.00614 ( 2)
 606 -   0.00001 0.97909 0.00000 0.02090 ( 2)
 607 -   0.02813 0.95097 0.00060 0.02030 ( 2)
 608 -   0.00090 0.97819 0.00002 0.02088 ( 2)
 609 -   0.42481 0.55429 0.00907 0.01183 ( 2)
 610 -   0.00418 0.97492 0.00009 0.02081 ( 2)
 611 -   0.13086 0.84823 0.00279 0.01811 ( 2)
 612 -   0.40617 0.57293 0.00867 0.01223 ( 2)
 613 -   0.81658 0.16251 0.01743 0.00347 ( 1)
 614 -   0.13817 0.84093 0.00295 0.01795 ( 2)
 615 -   0.02715 0.95195 0.00058 0.02032 ( 2)
 616 -   0.43146 0.54764 0.00921 0.01169 ( 2)
 617 -   0.73126 0.24784 0.01561 0.00529 ( 1)
 618 -   0.62243 0.35667 0.01329 0.00761 ( 1)
 619 -   0.62243 0.35667 0.01329 0.00761 ( 1)
 620 -   0.62243 0.35667 0.01329 0.00761 ( 1)
 621 -   0.62243 0.35667 0.01329 0.00761 ( 1)
 622 -   0.62243 0.35667 0.01329 0.00761 ( 1)
 623 -   0.05808 0.92102 0.00124 0.01966 ( 2)
 624 -   0.71624 0.26285 0.01529 0.00561 ( 1)
 625 -   0.08598 0.89312 0.00184 0.01907 ( 2)
 626 -   0.16093 0.81817 0.00344 0.01747 ( 2)
 627 -   0.30068 0.67841 0.00642 0.01448 ( 2)


lnL = -27125.942971

Bayes Empirical Bayes (BEB) probabilities for 4 classes (class)
(amino acids refer to 1st sequence: Aer1)

   1 -   0.89132 0.05781 0.04782 0.00305 ( 1)
   2 -   0.13561 0.81352 0.00734 0.04353 ( 2)
   3 -   0.44120 0.50793 0.02382 0.02705 ( 2)
   4 -   0.56730 0.38183 0.03058 0.02029 ( 1)
   5 -   0.56730 0.38183 0.03058 0.02029 ( 1)
   6 -   0.56730 0.38183 0.03058 0.02029 ( 1)
   7 -   0.56730 0.38183 0.03058 0.02029 ( 1)
   8 -   0.56730 0.38183 0.03058 0.02029 ( 1)
   9 -   0.56730 0.38183 0.03058 0.02029 ( 1)
  10 -   0.56730 0.38183 0.03058 0.02029 ( 1)
  11 -   0.56730 0.38183 0.03058 0.02029 ( 1)
  12 -   0.56730 0.38183 0.03058 0.02029 ( 1)
  13 -   0.56730 0.38183 0.03058 0.02029 ( 1)
  14 -   0.56730 0.38183 0.03058 0.02029 ( 1)
  15 -   0.56730 0.38183 0.03058 0.02029 ( 1)
  16 -   0.56730 0.38183 0.03058 0.02029 ( 1)
  17 -   0.56730 0.38183 0.03058 0.02029 ( 1)
  18 -   0.56730 0.38183 0.03058 0.02029 ( 1)
  19 -   0.56730 0.38183 0.03058 0.02029 ( 1)
  20 -   0.56730 0.38183 0.03058 0.02029 ( 1)
  21 M   0.98402 0.00001 0.01596 0.00000 ( 1)
  22 E   0.29064 0.00002 0.70933 0.00000 ( 3)
  23 T   0.68876 0.28157 0.02045 0.00923 ( 1)
  24 E   0.01039 0.95989 0.00028 0.02944 ( 2)
  25 -   0.56730 0.38183 0.03058 0.02029 ( 1)
  26 -   0.56730 0.38183 0.03058 0.02029 ( 1)
  27 -   0.56730 0.38183 0.03058 0.02029 ( 1)
  28 -   0.56730 0.38183 0.03058 0.02029 ( 1)
  29 T   0.00085 0.96073 0.00003 0.03839 ( 2)
  30 K   0.00000 0.96948 0.00000 0.03051 ( 2)
  31 T   0.00001 0.96845 0.00000 0.03154 ( 2)
  32 -   0.42226 0.52098 0.02989 0.02686 ( 2)
  33 -   0.01230 0.93550 0.00101 0.05119 ( 2)
  34 -   0.56730 0.38183 0.03058 0.02029 ( 1)
  35 -   0.00834 0.49484 0.19743 0.29939 ( 2)
  36 Q   0.00051 0.89725 0.00033 0.10190 ( 2)
  37 E   0.00002 0.35263 0.01236 0.63499 ( 4)
  38 K   0.23609 0.60616 0.10696 0.05078 ( 2)
  39 N   0.00009 0.77933 0.00023 0.22035 ( 2)
  40 G   0.00001 0.36402 0.00188 0.63409 ( 4)
  41 F   0.00002 0.63155 0.00042 0.36801 ( 2)
  42 I   0.00001 0.64678 0.00012 0.35309 ( 2)
  43 A   0.00000 0.97507 0.00000 0.02493 ( 2)
  44 R   0.01058 0.95624 0.00033 0.03285 ( 2)
  45 G   0.00000 0.96232 0.00000 0.03768 ( 2)
  46 W   0.00114 0.96265 0.00004 0.03617 ( 2)
  47 D   0.00000 0.97081 0.00000 0.02919 ( 2)
  48 R   0.00001 0.95858 0.00000 0.04141 ( 2)
  49 F   0.00122 0.91313 0.00063 0.08502 ( 2)
  50 K   0.00328 0.88881 0.00227 0.10564 ( 2)
  51 A   0.00002 0.89384 0.00001 0.10612 ( 2)
  52 L   0.00013 0.97011 0.00000 0.02976 ( 2)
  53 P   0.00002 0.97611 0.00000 0.02388 ( 2)
  54 G   0.00007 0.96967 0.00000 0.03026 ( 2)
  55 N   0.96155 0.01494 0.02310 0.00041 ( 1)
  56 I   0.02216 0.95495 0.00042 0.02247 ( 2)
  57 K   0.01469 0.95786 0.00036 0.02708 ( 2)
  58 A   0.00000 0.97085 0.00000 0.02915 ( 2)
  59 K   0.97628 0.00028 0.02344 0.00001 ( 1)
  60 A   0.98017 0.00029 0.01953 0.00001 ( 1)
  61 V   0.01291 0.95568 0.00037 0.03105 ( 2)
  62 E   0.17456 0.80152 0.00366 0.02026 ( 2)
  63 I   0.00281 0.91767 0.00144 0.07808 ( 2)
  64 A   0.97525 0.00519 0.01944 0.00012 ( 1)
  65 K   0.45194 0.52245 0.01095 0.01465 ( 2)
  66 K   0.96856 0.01304 0.01810 0.00030 ( 1)
  67 T   0.00097 0.97431 0.00002 0.02470 ( 2)
  68 K   0.95206 0.02440 0.02287 0.00067 ( 1)
  69 K   0.97759 0.00003 0.02238 0.00000 ( 1)
  70 I   0.67016 0.03474 0.29235 0.00274 ( 1)
  71 A   0.97811 0.00003 0.02186 0.00000 ( 1)
  72 T   0.06568 0.90564 0.00171 0.02697 ( 2)
  73 D   0.98326 0.00000 0.01674 0.00000 ( 1)
  74 D   0.97967 0.00000 0.02033 0.00000 ( 1)
  75 P   0.97543 0.00000 0.02457 0.00000 ( 1)
  76 R   0.97855 0.00000 0.02145 0.00000 ( 1)
  77 R   0.97855 0.00000 0.02145 0.00000 ( 1)
  78 I   0.95095 0.02612 0.02222 0.00071 ( 1)
  79 T   0.72806 0.22706 0.03610 0.00878 ( 1)
  80 H   0.97424 0.00000 0.02576 0.00000 ( 1)
  81 C   0.97041 0.00020 0.02938 0.00001 ( 1)
  82 L   0.96081 0.01610 0.02266 0.00044 ( 1)
  83 K   0.98166 0.00000 0.01834 0.00000 ( 1)
  84 V   0.98015 0.00000 0.01985 0.00000 ( 1)
  85 A   0.97344 0.00000 0.02656 0.00000 ( 1)
  86 L   0.89689 0.07404 0.02665 0.00242 ( 1)
  87 A   0.97970 0.00000 0.02030 0.00000 ( 1)
  88 L   0.96612 0.00591 0.02778 0.00019 ( 1)
  89 T   0.96528 0.01432 0.02005 0.00035 ( 1)
  90 L   0.97116 0.00003 0.02881 0.00000 ( 1)
  91 V   0.97406 0.00001 0.02592 0.00000 ( 1)
  92 S   0.97250 0.00000 0.02750 0.00000 ( 1)
  93 L   0.91918 0.05526 0.02394 0.00163 ( 1)
  94 F   0.92287 0.05355 0.02210 0.00148 ( 1)
  95 Y   0.97099 0.00000 0.02901 0.00000 ( 1)
  96 Y   0.97584 0.00000 0.02416 0.00000 ( 1)
  97 F   0.30496 0.67209 0.00624 0.01670 ( 2)
  98 K   0.00281 0.96193 0.00009 0.03517 ( 2)
  99 -   0.56730 0.38183 0.03058 0.02029 ( 1)
 100 -   0.56730 0.38183 0.03058 0.02029 ( 1)
 101 -   0.56730 0.38183 0.03058 0.02029 ( 1)
 102 P   0.97456 0.00010 0.02533 0.00000 ( 1)
 103 L   0.30122 0.66761 0.00903 0.02214 ( 2)
 104 Y   0.97568 0.00016 0.02415 0.00000 ( 1)
 105 D   0.24580 0.72974 0.00540 0.01906 ( 2)
 106 G   0.93056 0.04155 0.02658 0.00131 ( 1)
 107 F   0.97664 0.00000 0.02336 0.00000 ( 1)
 108 G   0.97226 0.00000 0.02774 0.00000 ( 1)
 109 S   0.00107 0.96782 0.00003 0.03108 ( 2)
 110 E   0.00555 0.95900 0.00019 0.03526 ( 2)
 111 S   0.97204 0.00140 0.02652 0.00004 ( 1)
 112 L   0.98404 0.00000 0.01596 0.00000 ( 1)
 113 W   0.96644 0.00010 0.03346 0.00000 ( 1)
 114 A   0.97970 0.00000 0.02030 0.00000 ( 1)
 115 V   0.59078 0.00215 0.40684 0.00023 ( 1)
 116 L   0.88488 0.09047 0.02203 0.00262 ( 1)
 117 T   0.97817 0.00000 0.02183 0.00000 ( 1)
 118 V   0.97525 0.00000 0.02475 0.00000 ( 1)
 119 V   0.97408 0.00000 0.02592 0.00000 ( 1)
 120 V   0.98015 0.00000 0.01985 0.00000 ( 1)
 121 V   0.98015 0.00000 0.01985 0.00000 ( 1)
 122 F   0.97664 0.00000 0.02336 0.00000 ( 1)
 123 E   0.98249 0.00000 0.01751 0.00000 ( 1)
 124 F   0.97664 0.00000 0.02336 0.00000 ( 1)
 125 T   0.97962 0.00004 0.02034 0.00000 ( 1)
 126 A   0.98015 0.00000 0.01985 0.00000 ( 1)
 127 G   0.97842 0.00000 0.02158 0.00000 ( 1)
 128 A   0.98046 0.00000 0.01954 0.00000 ( 1)
 129 T   0.97966 0.00000 0.02034 0.00000 ( 1)
 130 L   0.97270 0.00000 0.02730 0.00000 ( 1)
 131 Y   0.07807 0.89111 0.00223 0.02859 ( 2)
 132 K   0.98166 0.00000 0.01834 0.00000 ( 1)
 133 G   0.97541 0.00010 0.02448 0.00000 ( 1)
 134 M   0.97621 0.00779 0.01584 0.00016 ( 1)
 135 N   0.97873 0.00000 0.02127 0.00000 ( 1)
 136 R   0.97855 0.00000 0.02145 0.00000 ( 1)
 137 G   0.01790 0.95636 0.00040 0.02534 ( 2)
 138 L   0.37781 0.59636 0.00913 0.01670 ( 2)
 139 A   0.97473 0.00000 0.02527 0.00000 ( 1)
 140 T   0.97966 0.00000 0.02034 0.00000 ( 1)
 141 L   0.06165 0.91484 0.00123 0.02228 ( 2)
 142 L   0.00110 0.96797 0.00003 0.03089 ( 2)
 143 A   0.97970 0.00000 0.02030 0.00000 ( 1)
 144 G   0.97842 0.00000 0.02158 0.00000 ( 1)
 145 A   0.97938 0.00032 0.02030 0.00001 ( 1)
 146 L   0.97270 0.00000 0.02730 0.00000 ( 1)
 147 G   0.97225 0.00001 0.02774 0.00000 ( 1)
 148 V   0.97965 0.00050 0.01984 0.00001 ( 1)
 149 G   0.97813 0.00000 0.02187 0.00000 ( 1)
 150 A   0.97472 0.00001 0.02527 0.00000 ( 1)
 151 N   0.36067 0.61471 0.00813 0.01649 ( 2)
 152 Y   0.00071 0.97709 0.00001 0.02219 ( 2)
 153 I   0.92889 0.04558 0.02418 0.00134 ( 1)
 154 A   0.98046 0.00000 0.01954 0.00000 ( 1)
 155 S   0.68656 0.28779 0.01735 0.00830 ( 1)
 156 L   0.85108 0.12138 0.02377 0.00378 ( 1)
 157 L   0.97437 0.00576 0.01974 0.00014 ( 1)
 158 G   0.97813 0.00000 0.02187 0.00000 ( 1)
 159 E   0.00001 0.97530 0.00000 0.02469 ( 2)
 160 E   0.75598 0.22465 0.01420 0.00518 ( 1)
 161 G   0.90125 0.07656 0.02018 0.00201 ( 1)
 162 E   0.96960 0.00015 0.03024 0.00001 ( 1)
 163 P   0.96987 0.00001 0.03013 0.00000 ( 1)
 164 I   0.97996 0.00004 0.02000 0.00000 ( 1)
 165 A   0.96166 0.01984 0.01805 0.00046 ( 1)
 166 L   0.97496 0.00200 0.02298 0.00005 ( 1)
 167 G   0.97147 0.00196 0.02651 0.00006 ( 1)
 168 V   0.00022 0.97377 0.00000 0.02600 ( 2)
 169 F   0.96722 0.00260 0.03010 0.00009 ( 1)
 170 V   0.97641 0.00000 0.02359 0.00000 ( 1)
 171 F   0.97664 0.00000 0.02336 0.00000 ( 1)
 172 L   0.60669 0.36652 0.01589 0.01090 ( 1)
 173 L   0.47840 0.49613 0.01158 0.01389 ( 2)
 174 T   0.97930 0.00000 0.02070 0.00000 ( 1)
 175 A   0.98036 0.00002 0.01963 0.00000 ( 1)
 176 A   0.46660 0.51153 0.00939 0.01248 ( 2)
 177 S   0.51255 0.46105 0.01301 0.01338 ( 1)
 178 T   0.97274 0.00000 0.02726 0.00000 ( 1)
 179 F   0.97099 0.00000 0.02901 0.00000 ( 1)
 180 S   0.00004 0.96966 0.00000 0.03030 ( 2)
 181 R   0.97855 0.00000 0.02145 0.00000 ( 1)
 182 F   0.97664 0.00000 0.02336 0.00000 ( 1)
 183 F   0.98056 0.00000 0.01944 0.00000 ( 1)
 184 P   0.96977 0.00000 0.03023 0.00000 ( 1)
 185 H   0.00002 0.88971 0.00001 0.11026 ( 2)
 186 I   0.97676 0.00045 0.02278 0.00001 ( 1)
 187 K   0.97655 0.00000 0.02345 0.00000 ( 1)
 188 A   0.97338 0.00016 0.02646 0.00000 ( 1)
 189 R   0.96745 0.00000 0.03255 0.00000 ( 1)
 190 Y   0.97093 0.00006 0.02901 0.00000 ( 1)
 191 D   0.98326 0.00000 0.01674 0.00000 ( 1)
 192 Y   0.97099 0.00000 0.02901 0.00000 ( 1)
 193 G   0.97220 0.00006 0.02774 0.00000 ( 1)
 194 V   0.06834 0.90218 0.00184 0.02765 ( 2)
 195 L   0.95617 0.01022 0.03323 0.00038 ( 1)
 196 I   0.98360 0.00000 0.01640 0.00000 ( 1)
 197 F   0.61336 0.00000 0.38664 0.00000 ( 1)
 198 I   0.98360 0.00000 0.01640 0.00000 ( 1)
 199 L   0.97116 0.00003 0.02881 0.00000 ( 1)
 200 T   0.97937 0.00000 0.02063 0.00000 ( 1)
 201 F   0.97664 0.00000 0.02336 0.00000 ( 1)
 202 S   0.96692 0.01275 0.02002 0.00031 ( 1)
 203 L   0.97448 0.00018 0.02534 0.00001 ( 1)
 204 V   0.98090 0.00000 0.01910 0.00000 ( 1)
 205 S   0.94853 0.01889 0.03189 0.00068 ( 1)
 206 V   0.97512 0.00208 0.02274 0.00006 ( 1)
 207 S   0.97503 0.00042 0.02454 0.00001 ( 1)
 208 A   0.97842 0.00000 0.02158 0.00000 ( 1)
 209 Y   0.97099 0.00000 0.02901 0.00000 ( 1)
 210 R   0.97811 0.00044 0.02144 0.00001 ( 1)
 211 V   0.97611 0.00402 0.01977 0.00010 ( 1)
 212 D   0.00061 0.97794 0.00001 0.02143 ( 2)
 213 E   0.97453 0.00039 0.02507 0.00001 ( 1)
 214 I   0.97720 0.00001 0.02279 0.00000 ( 1)
 215 I   0.31917 0.65859 0.00630 0.01594 ( 2)
 216 E   0.07342 0.90034 0.00170 0.02454 ( 2)
 217 L   0.97299 0.00693 0.01991 0.00017 ( 1)
 218 A   0.97831 0.00004 0.02165 0.00000 ( 1)
 219 H   0.02258 0.94797 0.00060 0.02884 ( 2)
 220 K   0.00095 0.97011 0.00002 0.02891 ( 2)
 221 R   0.97678 0.00000 0.02322 0.00000 ( 1)
 222 L   0.94495 0.02141 0.03285 0.00079 ( 1)
 223 S   0.97053 0.00008 0.02939 0.00000 ( 1)
 224 T   0.97391 0.00000 0.02609 0.00000 ( 1)
 225 I   0.98157 0.00001 0.01841 0.00000 ( 1)
 226 M   0.00172 0.96605 0.00005 0.03218 ( 2)
 227 L   0.97657 0.00040 0.02302 0.00001 ( 1)
 228 G   0.97226 0.00000 0.02774 0.00000 ( 1)
 229 V   0.89621 0.08186 0.01980 0.00212 ( 1)
 230 A   0.00126 0.97473 0.00003 0.02398 ( 2)
